5.000000000000000000e+01 3.406208601571285548e-10
4.995000000000000284e+01 3.406208601571285548e-10
4.990000000000000568e+01 3.690589177739413343e-10
4.985000000000000853e+01 3.818036005650588376e-10
4.980000000000001137e+01 3.961801995786978191e-10
4.975000000000001421e+01 4.098392284021983203e-10
4.970000000000001705e+01 4.252454125836924184e-10
4.965000000000001990e+01 4.398826287931707478e-10
4.960000000000002274e+01 4.563901139350523776e-10
4.955000000000002558e+01 4.720736101608135864e-10
4.950000000000002842e+01 4.897589456273692699e-10
4.945000000000003126e+01 5.065614620907462988e-10
4.940000000000003411e+01 5.255063830333338430e-10
4.935000000000003695e+01 5.435055580043556233e-10
4.930000000000003979e+01 5.621067514972363381e-10
4.925000000000004263e+01 5.830759642617124892e-10
4.920000000000004547e+01 6.029982828979153749e-10
4.915000000000004832e+01 6.254541221334971125e-10
4.910000000000005116e+01 6.467887361878613934e-10
4.905000000000005400e+01 6.708336274158762765e-10
4.900000000000005684e+01 6.936778679952648687e-10
4.895000000000005969e+01 7.194211494924006562e-10
4.890000000000006253e+01 7.438789520383584170e-10
4.885000000000006537e+01 7.714372677661536889e-10
4.880000000000006821e+01 7.976194682019954481e-10
4.875000000000007105e+01 8.246689819116869935e-10
4.870000000000007390e+01 8.551420865973394146e-10
4.865000000000007674e+01 8.840937194176326107e-10
4.860000000000007958e+01 9.167056772264384041e-10
4.855000000000008242e+01 9.476895758732836594e-10
4.850000000000008527e+01 9.825863588591449855e-10
4.845000000000008811e+01 1.015741296808780469e-09
4.840000000000009095e+01 1.049988062992705596e-09
4.835000000000009379e+01 1.088552333399635563e-09
4.830000000000009663e+01 1.125192243358633463e-09
4.825000000000009948e+01 1.166445952267161222e-09
4.820000000000010232e+01 1.205641343761658387e-09
4.815000000000010516e+01 1.246121588368996995e-09
4.810000000000010800e+01 1.291690279185069849e-09
4.805000000000011084e+01 1.334985650597159900e-09
4.800000000000011369e+01 1.383716985321989323e-09
4.795000000000011653e+01 1.430017071371078094e-09
4.790000000000011937e+01 1.477827356164174364e-09
4.785000000000012221e+01 1.531630290500138072e-09
4.780000000000012506e+01 1.582748357771789332e-09
4.775000000000012790e+01 1.635528729670346776e-09
4.770000000000013074e+01 1.694914056882020213e-09
4.765000000000013358e+01 1.751334939825418851e-09
4.760000000000013642e+01 1.814808977470906307e-09
4.755000000000013927e+01 1.875113733716367417e-09
4.750000000000014211e+01 1.937370121764211242e-09
4.745000000000014495e+01 2.007397233369510901e-09
4.740000000000014779e+01 2.073926933475724701e-09
4.735000000000015064e+01 2.142603983665044118e-09
4.730000000000015348e+01 2.219839987957349664e-09
4.725000000000015632e+01 2.293218237790491483e-09
4.720000000000015916e+01 2.368958736508504371e-09
4.715000000000016200e+01 2.454123250385443833e-09
4.710000000000016485e+01 2.535034080008651131e-09
4.705000000000016769e+01 2.618542639840141671e-09
4.700000000000017053e+01 2.712424277794849466e-09
4.695000000000017337e+01 2.801616813138354828e-09
4.690000000000017621e+01 2.893664651435478427e-09
4.685000000000017906e+01 2.997126827187358145e-09
4.680000000000018190e+01 3.095420992442109841e-09
4.675000000000018474e+01 3.196852414546465021e-09
4.670000000000018758e+01 3.310840435167721301e-09
4.665000000000019043e+01 3.419133372085566631e-09
4.660000000000019327e+01 3.530872012818789048e-09
4.655000000000019611e+01 3.656420441332727729e-09
4.650000000000019895e+01 3.775694318249363253e-09
4.645000000000020179e+01 3.898752066033554732e-09
4.640000000000020464e+01 4.025710240587716356e-09
4.635000000000020748e+01 4.168325974434413371e-09
4.630000000000021032e+01 4.303812669128830287e-09
4.625000000000021316e+01 4.443582108883978427e-09
4.620000000000021600e+01 4.600560962479257805e-09
4.615000000000021885e+01 4.749692902007406107e-09
4.610000000000022169e+01 4.903526379114154421e-09
4.605000000000022453e+01 5.062205629158838183e-09
4.600000000000022737e+01 5.240378116177420083e-09
4.595000000000023022e+01 5.409647821868349578e-09
4.590000000000023306e+01 5.584235638180212328e-09
4.585000000000023590e+01 5.780231730180136836e-09
4.580000000000023874e+01 5.966438495067008600e-09
4.575000000000024158e+01 6.158478985548190318e-09
4.570000000000024443e+01 6.356530054593653425e-09
4.565000000000024727e+01 6.578804137479198004e-09
4.560000000000025011e+01 6.789981748039121929e-09
4.555000000000025295e+01 7.007748752731226239e-09
4.550000000000025580e+01 7.232304098083304234e-09
4.545000000000025864e+01 7.463852198811659827e-09
4.540000000000026148e+01 7.723629504459674355e-09
4.535000000000026432e+01 7.970441552518069007e-09
4.530000000000026716e+01 8.224912398008178268e-09
4.525000000000027001e+01 8.487270567020713035e-09
4.520000000000027285e+01 8.781536373739854377e-09
4.515000000000027569e+01 9.061109073652524918e-09
4.510000000000027853e+01 9.349317827936783026e-09
4.505000000000028137e+01 9.646419689001709565e-09
4.500000000000028422e+01 9.952678694349037894e-09
4.495000000000028706e+01 1.029608211860009216e-08
4.490000000000028990e+01 1.062232150169489870e-08
4.485000000000029274e+01 1.095858103899272117e-08
4.480000000000029559e+01 1.130515861009958271e-08
4.475000000000029843e+01 1.166236073059908471e-08
4.470000000000030127e+01 1.206277751340501150e-08
4.465000000000030411e+01 1.244316054329907938e-08
4.460000000000030695e+01 1.283516937237596415e-08
4.455000000000030980e+01 1.323914760083837173e-08
4.450000000000031264e+01 1.365544863644755930e-08
4.445000000000031548e+01 1.412198338277755735e-08
4.440000000000031832e+01 1.456516125392968463e-08
4.435000000000032117e+01 1.502181818682951653e-08
4.430000000000032401e+01 1.549235150587666685e-08
4.425000000000032685e+01 1.597716860626267925e-08
4.420000000000032969e+01 1.647668795445415074e-08
4.415000000000033253e+01 1.703628043367581433e-08
4.410000000000033538e+01 1.756784906100623485e-08
4.405000000000033822e+01 1.811548676334590991e-08
4.400000000000034106e+01 1.867966316263619319e-08
4.395000000000034390e+01 1.926086117356261773e-08
4.390000000000034674e+01 1.985957704915128506e-08
4.385000000000034959e+01 2.047632014516829196e-08
4.380000000000035243e+01 2.111161362476144977e-08
4.375000000000035527e+01 2.182294570705583126e-08
4.370000000000035811e+01 2.249865171419361692e-08
4.365000000000036096e+01 2.319461301562206287e-08
4.360000000000036380e+01 2.391141310076695773e-08
4.355000000000036664e+01 2.464965105480461355e-08
4.350000000000036948e+01 2.540994167913977898e-08
4.345000000000037232e+01 2.619291478211577712e-08
4.340000000000037517e+01 2.699921628665920152e-08
4.335000000000037801e+01 2.782950960183281476e-08
4.330000000000038085e+01 2.875865244701922706e-08
4.325000000000038369e+01 2.964117897607621748e-08
4.320000000000038654e+01 3.054986372022071147e-08
4.315000000000038938e+01 3.148544923619379521e-08
4.310000000000039222e+01 3.244870199409149444e-08
4.305000000000039506e+01 3.344041022462052344e-08
4.300000000000039790e+01 3.446138408479798043e-08
4.295000000000040075e+01 3.551245651950952018e-08
4.290000000000040359e+01 3.659448632217821884e-08
4.285000000000040643e+01 3.770835822037074626e-08
4.280000000000040927e+01 3.885498142493873136e-08
4.275000000000041211e+01 4.003528911876737682e-08
4.270000000000041496e+01 4.125023919803751625e-08
4.265000000000041780e+01 4.250081621054403373e-08
4.260000000000042064e+01 4.378802742659733768e-08
4.255000000000042348e+01 4.522729951619369478e-08
4.250000000000042633e+01 4.659418628066794042e-08
4.245000000000042917e+01 4.800096958444141863e-08
4.240000000000043201e+01 4.944876549784989750e-08
4.235000000000043485e+01 5.093871756882869094e-08
4.230000000000043769e+01 5.247199715573581913e-08
4.225000000000044054e+01 5.404980589833708929e-08
4.220000000000044338e+01 5.567337764275799775e-08
4.215000000000044622e+01 5.734397960785511285e-08
4.210000000000044906e+01 5.906291146212712616e-08
4.205000000000045191e+01 6.083150909960714783e-08
4.200000000000045475e+01 6.265114825612957188e-08
4.195000000000045759e+01 6.452324179170794693e-08
4.190000000000046043e+01 6.644923951353879949e-08
4.185000000000046327e+01 6.843062854841846938e-08
4.180000000000046612e+01 7.046893685944642687e-08
4.175000000000046896e+01 7.256573385443974779e-08
4.170000000000047180e+01 7.472263076216508461e-08
4.165000000000047464e+01 7.694128577729361658e-08
4.160000000000047748e+01 7.922340503460966776e-08
4.155000000000048033e+01 8.157074099711056860e-08
4.150000000000048317e+01 8.398509176616552712e-08
4.145000000000048601e+01 8.625603378029366179e-08
4.140000000000048885e+01 8.880404536757584701e-08
4.135000000000049170e+01 9.142458954848149866e-08
4.130000000000049454e+01 9.411965531346147379e-08
4.125000000000049738e+01 9.689128553279463472e-08
4.120000000000050022e+01 9.974157726063880904e-08
4.115000000000050306e+01 1.026726737167390047e-07
4.110000000000050591e+01 1.056867472296136061e-07
4.105000000000050875e+01 1.087860181897808731e-07
4.100000000000051159e+01 1.119727602682533847e-07
4.095000000000051443e+01 1.152493024663617283e-07
4.090000000000051728e+01 1.186180330339751245e-07
4.085000000000052012e+01 1.220814006921675989e-07
4.080000000000052296e+01 1.256419125627078157e-07
4.075000000000052580e+01 1.289910746736799491e-07
4.070000000000052864e+01 1.327449582998761546e-07
4.065000000000053149e+01 1.366036029096422700e-07
4.060000000000053433e+01 1.405697830209984772e-07
4.055000000000053717e+01 1.446463680910154059e-07
4.050000000000054001e+01 1.488363022898797220e-07
4.045000000000054285e+01 1.531426048230923846e-07
4.040000000000054570e+01 1.575683713250717048e-07
4.035000000000054854e+01 1.621167752254503121e-07
4.030000000000055138e+01 1.663942446107435900e-07
4.025000000000055422e+01 1.711868927103345234e-07
4.020000000000055707e+01 1.761119417589020345e-07
4.015000000000055991e+01 1.811729180757657182e-07
4.010000000000056275e+01 1.863734276082774786e-07
4.005000000000056559e+01 1.917171387093282795e-07
4.000000000000056843e+01 1.972078058635055763e-07
3.995000000000057128e+01 2.023713866255060151e-07
3.990000000000057412e+01 2.047343168823136631e-07
3.985000000000057696e+01 2.105881749347546194e-07
3.980000000000057980e+01 2.166024904390744574e-07
3.975000000000058265e+01 2.227814599529549324e-07
3.970000000000058549e+01 2.291293658927782193e-07
3.965000000000058833e+01 2.350997122523144606e-07
3.960000000000059117e+01 2.417838910208201407e-07
3.955000000000059401e+01 2.486500622671880792e-07
3.950000000000059686e+01 2.557029025538525421e-07
3.945000000000059970e+01 2.629471958412260050e-07
3.940000000000060254e+01 2.697601458502216009e-07
3.935000000000060538e+01 2.773852268143351110e-07
3.930000000000060822e+01 2.852162828010958309e-07
3.925000000000061107e+01 2.932585214141095923e-07
3.920000000000061391e+01 3.015172961881379300e-07
3.915000000000061675e+01 3.092829859390244867e-07
3.910000000000061959e+01 3.179722668425677556e-07
3.905000000000062244e+01 3.268945232551986194e-07
3.900000000000062528e+01 3.360557197620025272e-07
3.895000000000062812e+01 3.446690629068044764e-07
3.890000000000063096e+01 3.543055897811006316e-07
3.885000000000063380e+01 3.641993845398530949e-07
3.880000000000063665e+01 3.743570502544874138e-07
3.875000000000063949e+01 3.839072088121595268e-07
3.870000000000064233e+01 3.945900018765976184e-07
3.865000000000064517e+01 4.055568433479074766e-07
3.860000000000064801e+01 4.168149488501545685e-07
3.855000000000065086e+01 4.274000558172631438e-07
3.850000000000065370e+01 4.392373716097230088e-07
3.845000000000065654e+01 4.513876501753723676e-07
3.840000000000065938e+01 4.628113255729198393e-07
3.835000000000066223e+01 4.755836570667473133e-07
3.830000000000066507e+01 4.886920300553440433e-07
3.825000000000066791e+01 5.010157461390382311e-07
3.820000000000067075e+01 5.147917582540950517e-07
3.815000000000067359e+01 5.289284352431508127e-07
3.810000000000067644e+01 5.434346058180323575e-07
3.805000000000067928e+01 5.570708897650564569e-07
3.800000000000068212e+01 5.723111408569410890e-07
3.795000000000068496e+01 5.879480066150458566e-07
3.790000000000068781e+01 6.026460015662581075e-07
3.785000000000069065e+01 6.190706258417773077e-07
3.780000000000069349e+01 6.359207623131785249e-07
3.775000000000069633e+01 6.517578475949844562e-07
3.770000000000069917e+01 6.694533403242489190e-07
3.765000000000070202e+01 6.860849006229010944e-07
3.760000000000070486e+01 7.046667968960948366e-07
3.755000000000070770e+01 7.237276772089339909e-07
3.750000000000071054e+01 7.416433844245554215e-07
3.745000000000071338e+01 7.616569079945025570e-07
3.740000000000071623e+01 7.821850619402976494e-07
3.735000000000071907e+01 8.014823177088459689e-07
3.730000000000072191e+01 8.230346714319212461e-07
3.725000000000072475e+01 8.432968479811229595e-07
3.720000000000072760e+01 8.659213730585825640e-07
3.715000000000073044e+01 8.891233012562662384e-07
3.710000000000073328e+01 9.109352482065789449e-07
3.705000000000073612e+01 9.352821340861821678e-07
3.700000000000073896e+01 9.581678500046146811e-07
3.695000000000074181e+01 9.837090496691868425e-07
3.690000000000074465e+01 1.009893407181401817e-06
3.685000000000074749e+01 1.034498834083235398e-06
3.680000000000075033e+01 1.061955398790870160e-06
3.675000000000075318e+01 1.087750583237754717e-06
3.670000000000075602e+01 1.116536549034804947e-06
3.665000000000075886e+01 1.143577278001800262e-06
3.660000000000076170e+01 1.173754725715799670e-06
3.655000000000076454e+01 1.202100184019914304e-06
3.650000000000076739e+01 1.233734260231098029e-06
3.645000000000077023e+01 1.263446813931017251e-06
3.640000000000077307e+01 1.296606116802188013e-06
3.635000000000077591e+01 1.327751754437916164e-06
3.630000000000077875e+01 1.362507864266798461e-06
3.625000000000078160e+01 1.395153034265194677e-06
3.620000000000078444e+01 1.431577759539271661e-06
3.615000000000078728e+01 1.465789374605205680e-06
3.610000000000079012e+01 1.503957163447260985e-06
3.605000000000079297e+01 1.539804977851231490e-06
3.600000000000079581e+01 1.579793177642158994e-06
3.595000000000079865e+01 1.617349224658227190e-06
3.590000000000080149e+01 1.659237764577822493e-06
3.585000000000080433e+01 1.698576084492218247e-06
3.580000000000080718e+01 1.742446799183990033e-06
3.575000000000081002e+01 1.783641791401476293e-06
3.570000000000081286e+01 1.829577878472270665e-06
3.565000000000081570e+01 1.872705072817868606e-06
3.560000000000081855e+01 1.920791792247097482e-06
3.555000000000082139e+01 1.965928535319640120e-06
3.550000000000082423e+01 2.012053300849695358e-06
3.545000000000082707e+01 2.063480386391588860e-06
3.540000000000082991e+01 2.111734528927888950e-06
3.535000000000083276e+01 2.165540048747418765e-06
3.530000000000083560e+01 2.216020069714432374e-06
3.525000000000083844e+01 2.272312441333059242e-06
3.520000000000084128e+01 2.325123755163256992e-06
3.515000000000084412e+01 2.379090269328040164e-06
3.510000000000084697e+01 2.439272089685893358e-06
3.505000000000084981e+01 2.495738449162009998e-06
3.500000000000085265e+01 2.558703505065032296e-06
3.495000000000085549e+01 2.617789387426508502e-06
3.490000000000085834e+01 2.678170495540635986e-06
3.485000000000086118e+01 2.745477899638534722e-06
3.480000000000086402e+01 2.808639513106899121e-06
3.475000000000086686e+01 2.873171173715027745e-06
3.470000000000086970e+01 2.945081487650660481e-06
3.465000000000087255e+01 2.985467763345474772e-06
3.460000000000087539e+01 3.070102180015758534e-06
3.455000000000087823e+01 3.104077782193356592e-06
3.450000000000088107e+01 3.139799128329886938e-06
3.445000000000088392e+01 3.177333814848283699e-06
3.440000000000088676e+01 3.216533079332159169e-06
3.435000000000088960e+01 3.257489134378120500e-06
3.430000000000089244e+01 3.300056134950454270e-06
3.425000000000089528e+01 3.344330879379803428e-06
3.420000000000089813e+01 3.390151042836300008e-06
3.415000000000090097e+01 3.437603254365030618e-06
3.410000000000090381e+01 3.486527694652520168e-06
3.405000000000090665e+01 3.536900848070410963e-06
3.400000000000090949e+01 3.588852203324647403e-06
3.395000000000091234e+01 3.642251847839844361e-06
3.390000000000091518e+01 3.697241544505595529e-06
3.385000000000091802e+01 3.753689180761020015e-06
3.380000000000092086e+01 3.811737714932718460e-06
3.375000000000092371e+01 3.871247146927545139e-06
3.370000000000092655e+01 3.932226227690831362e-06
3.365000000000092939e+01 4.041769820333503337e-06
3.360000000000093223e+01 4.104954757831234696e-06
3.355000000000093507e+01 4.169836066699798760e-06
3.350000000000093792e+01 4.236247957672221857e-06
3.345000000000094076e+01 4.304188540202573595e-06
3.340000000000094360e+01 4.373829842673864678e-06
3.335000000000094644e+01 4.533187131495720181e-06
3.330000000000094929e+01 4.605112980711335978e-06
3.325000000000095213e+01 4.677897456152908733e-06
3.320000000000095497e+01 4.752947349388556432e-06
3.315000000000095781e+01 4.828647550137709488e-06
3.310000000000096065e+01 4.905084258409665070e-06
3.305000000000096350e+01 4.982319425592509056e-06
3.300000000000096634e+01 5.060401732578727433e-06
3.295000000000096918e+01 5.139379132441080954e-06
3.290000000000097202e+01 5.219290533441307143e-06
3.285000000000097486e+01 5.300184569477301287e-06
3.280000000000097771e+01 5.382111981924694695e-06
3.275000000000098055e+01 5.465122595261342170e-06
3.270000000000098339e+01 5.549262020779893136e-06
3.265000000000098623e+01 5.634574946463032021e-06
3.260000000000098908e+01 5.721105055807293097e-06
3.255000000000099192e+01 5.808892305703091472e-06
3.250000000000099476e+01 5.897979329181734292e-06
3.245000000000099760e+01 5.988401046689914163e-06
3.240000000000100044e+01 6.080195196443891613e-06
3.235000000000100329e+01 6.173395385051776304e-06
3.230000000000100613e+01 6.268034890771229529e-06
3.225000000000100897e+01 6.365551822439750309e-06
3.220000000000101181e+01 6.464494589556398436e-06
3.215000000000101466e+01 6.564904319187609883e-06
3.210000000000101750e+01 6.798092869950399388e-06
3.205000000000102034e+01 6.898919061505116802e-06
3.200000000000102318e+01 7.004226922947451070e-06
3.195000000000102602e+01 7.111162803264000319e-06
3.190000000000102887e+01 7.219738037270222471e-06
3.185000000000103171e+01 7.330010700569687653e-06
3.180000000000103455e+01 7.441984857268866556e-06
3.175000000000103739e+01 7.555666740732948177e-06
3.170000000000104023e+01 7.671064711768422909e-06
3.165000000000104308e+01 7.788185228779596016e-06
3.160000000000104592e+01 7.907037546278807135e-06
3.155000000000104876e+01 8.027637017720791940e-06
3.150000000000105160e+01 8.149998301061151947e-06
3.145000000000105445e+01 8.274138201084351021e-06
3.140000000000105729e+01 8.400077016878144365e-06
3.135000000000106013e+01 8.527832892750255409e-06
3.130000000000106297e+01 8.657426588397417480e-06
3.125000000000106581e+01 8.788883322006635758e-06
3.120000000000106866e+01 8.922229224986812885e-06
3.115000000000107150e+01 9.057491557802940509e-06
3.110000000000107434e+01 9.194696286135474139e-06
3.105000000000107718e+01 9.333864212192959924e-06
3.100000000000108002e+01 9.475014919610363825e-06
3.095000000000108287e+01 9.618166513166604236e-06
3.090000000000108571e+01 9.763383666244697043e-06
3.085000000000108855e+01 1.011043931940053289e-05
3.080000000000109139e+01 1.025982242546666850e-05
3.075000000000109424e+01 1.041133049507164198e-05
3.070000000000109708e+01 1.056508880274424095e-05
3.065000000000109992e+01 1.061280713488633961e-05
3.060000000000110276e+01 1.077343887612997217e-05
3.055000000000110560e+01 1.093628829195760272e-05
3.050000000000110845e+01 1.110138349703818666e-05
3.045000000000111129e+01 1.126875397022953672e-05
3.040000000000111413e+01 1.143843003883676474e-05
3.035000000000111697e+01 1.161044206255894788e-05
3.030000000000111982e+01 1.178482224404526377e-05
3.025000000000112266e+01 1.196160200642414141e-05
3.020000000000112550e+01 1.214080865022800572e-05
3.015000000000112834e+01 1.232246990388149020e-05
3.010000000000113118e+01 1.250661576098970657e-05
3.005000000000113403e+01 1.269327484589416885e-05
3.000000000000113687e+01 1.288247964919310666e-05
2.995000000000113971e+01 1.307426671918928518e-05
2.990000000000114255e+01 1.326858113702936661e-05
2.985000000000114539e+01 1.346555412553799193e-05
2.980000000000114824e+01 1.366522572325892047e-05
2.975000000000115108e+01 1.386763158332355463e-05
2.970000000000115392e+01 1.407280324264296394e-05
2.965000000000115676e+01 1.428076273695352114e-05
2.960000000000115961e+01 1.479841640668664648e-05
2.955000000000116245e+01 1.501167627489681128e-05
2.950000000000116529e+01 1.522790178235255569e-05
2.945000000000116813e+01 1.544711094251556690e-05
2.940000000000117097e+01 1.566598889040217522e-05
2.935000000000117382e+01 1.588813190834405091e-05
2.930000000000117666e+01 1.611358053612267313e-05
2.925000000000117950e+01 1.634237353895629760e-05
2.920000000000118234e+01 1.657454955850033121e-05
2.915000000000118519e+01 1.681013568024395316e-05
2.910000000000118803e+01 1.704914000757463808e-05
2.905000000000119087e+01 1.729156411899846320e-05
2.900000000000119371e+01 1.753741482082829656e-05
2.895000000000119655e+01 1.778671171309941702e-05
2.890000000000119940e+01 1.803949313222343194e-05
2.885000000000120224e+01 1.829580865594543189e-05
2.880000000000120508e+01 1.855571136201075434e-05
2.875000000000120792e+01 1.881925074876053820e-05
2.870000000000121076e+01 1.908654527933640989e-05
2.865000000000121361e+01 1.935752690515257036e-05
2.860000000000121645e+01 1.963221295434022521e-05
2.855000000000121929e+01 1.991062335719639425e-05
2.850000000000122213e+01 2.019278266740309529e-05
2.845000000000122498e+01 2.047872053948195431e-05
2.840000000000122782e+01 2.076848215639033601e-05
2.835000000000123066e+01 2.152450888145554178e-05
2.830000000000123350e+01 2.182132028049577565e-05
2.825000000000123634e+01 2.212207339115563983e-05
2.820000000000123919e+01 2.242684467299708610e-05
2.815000000000124203e+01 2.273568204805645216e-05
2.810000000000124487e+01 2.304863089337495693e-05
2.805000000000124771e+01 2.336572706179835098e-05
2.800000000000125056e+01 2.368702447142317756e-05
2.795000000000125340e+01 2.401257857168143266e-05
2.790000000000125624e+01 2.434244640567677229e-05
2.785000000000125908e+01 2.467666998015928829e-05
2.780000000000126192e+01 2.501529278872438057e-05
2.775000000000126477e+01 2.535834605728522103e-05
2.770000000000126761e+01 2.570586624417296558e-05
2.765000000000127045e+01 2.605787403623770820e-05
2.760000000000127329e+01 2.641440885511906354e-05
2.755000000000127613e+01 2.677551789731405751e-05
2.750000000000127898e+01 2.714126315474641691e-05
2.745000000000128182e+01 2.751168577655659935e-05
2.740000000000128466e+01 2.812187352447366182e-05
2.735000000000128750e+01 2.849658423055727633e-05
2.730000000000129035e+01 2.887639553145295699e-05
2.725000000000129319e+01 2.926130770258667354e-05
2.720000000000129603e+01 2.965132680383278596e-05
2.715000000000129887e+01 3.005997257964449035e-05
2.710000000000130171e+01 3.114009494051569153e-05
2.705000000000130456e+01 3.154379597701163779e-05
2.700000000000130740e+01 3.195234809985921491e-05
2.695000000000131024e+01 3.236639247723339268e-05
2.690000000000131308e+01 3.278598843931926376e-05
2.685000000000131593e+01 3.321117875712533768e-05
2.680000000000131877e+01 3.364202861771181164e-05
2.675000000000132161e+01 3.407860122684854757e-05
2.670000000000132445e+01 3.452091848575665722e-05
2.665000000000132729e+01 3.496895654405749831e-05
2.660000000000133014e+01 3.542272701796204113e-05
2.655000000000133298e+01 3.588226244037403834e-05
2.650000000000133582e+01 3.634759641597284544e-05
2.645000000000133866e+01 3.681874236953487612e-05
2.640000000000134150e+01 3.729576186917549598e-05
2.635000000000134435e+01 3.777871686869505095e-05
2.630000000000134719e+01 3.826764046329188257e-05
2.625000000000135003e+01 3.876939752262308282e-05
2.620000000000135287e+01 3.927668449474394760e-05
2.615000000000135572e+01 3.978956629534896019e-05
2.610000000000135856e+01 4.030811582506628845e-05
2.605000000000136140e+01 4.083237477348073400e-05
2.600000000000136424e+01 4.136283194588174090e-05
2.595000000000136708e+01 4.191882250078350625e-05
2.590000000000136993e+01 4.247997201940806924e-05
2.585000000000137277e+01 4.401061495765776091e-05
2.580000000000137561e+01 4.456290661509271689e-05
2.575000000000137845e+01 4.511936498792159947e-05
2.570000000000138130e+01 4.568235428096352121e-05
2.565000000000138414e+01 4.625180728188311438e-05
2.560000000000138698e+01 4.682776712351126340e-05
2.555000000000138982e+01 4.741024751812132339e-05
2.550000000000139266e+01 4.799929457749440870e-05
2.545000000000139551e+01 4.859489989887075560e-05
2.540000000000139835e+01 4.919718761289157508e-05
2.535000000000140119e+01 4.980624475581788479e-05
2.530000000000140403e+01 5.042215082392923224e-05
2.525000000000140687e+01 5.104483140231204163e-05
2.520000000000140972e+01 5.167433483149362020e-05
2.515000000000141256e+01 5.231086298685063308e-05
2.510000000000141540e+01 5.295439675861716620e-05
2.505000000000141824e+01 5.360478926073838663e-05
2.500000000000142109e+01 5.426214786671200137e-05
2.495000000000142393e+01 5.492657862416063875e-05
2.490000000000142677e+01 5.559820279842272713e-05
2.485000000000142961e+01 5.627752319841763126e-05
2.480000000000143245e+01 5.696465173274796153e-05
2.475000000000143530e+01 5.768714865883662251e-05
2.470000000000143814e+01 5.841570647116547878e-05
2.465000000000144098e+01 5.915011732520315639e-05
2.460000000000144382e+01 6.125434844639967040e-05
2.455000000000144667e+01 6.197857124617058727e-05
2.450000000000144951e+01 6.270170860946923332e-05
2.445000000000145235e+01 6.343244149376873391e-05
2.440000000000145519e+01 6.417080233720714793e-05
2.435000000000145803e+01 6.491686680005062714e-05
2.430000000000146088e+01 6.567071151255183842e-05
2.425000000000146372e+01 6.643220500628770617e-05
2.420000000000146656e+01 6.720138255774368494e-05
2.415000000000146940e+01 6.797826453007493365e-05
2.410000000000147224e+01 6.876285927500873460e-05
2.405000000000147509e+01 6.955495277307268255e-05
2.400000000000147793e+01 7.035459320485588030e-05
2.395000000000148077e+01 7.116188631272050058e-05
2.390000000000148361e+01 7.197694235766239300e-05
2.385000000000148646e+01 7.279962448114292266e-05
2.380000000000148930e+01 7.363007682110313354e-05
2.375000000000149214e+01 7.446838364127963896e-05
2.370000000000149498e+01 7.531530577802114190e-05
2.365000000000149782e+01 7.617043549800430109e-05
2.360000000000150067e+01 7.703366621613508074e-05
2.355000000000150351e+01 7.794329074000717894e-05
2.350000000000150635e+01 7.885867099077498285e-05
2.345000000000150919e+01 7.977940870511353148e-05
2.340000000000151203e+01 8.070571963620363533e-05
2.335000000000151488e+01 8.351845818871749916e-05
2.330000000000151772e+01 8.444319997318833573e-05
2.325000000000152056e+01 8.534457716841411059e-05
2.320000000000152340e+01 8.625386885022976152e-05
2.315000000000152625e+01 8.717120316259766228e-05
2.310000000000152909e+01 8.809688228519691920e-05
2.305000000000153193e+01 8.834640552367435749e-05
2.300000000000153477e+01 8.930232248947466561e-05
2.295000000000153761e+01 9.026476481651270862e-05
2.290000000000154046e+01 9.123414998988875555e-05
2.285000000000154330e+01 9.220964267450037978e-05
2.280000000000154614e+01 9.319147599052448445e-05
2.275000000000154898e+01 9.417987977566585954e-05
2.270000000000155183e+01 9.517551965900122380e-05
2.265000000000155467e+01 9.617743342015048873e-05
2.260000000000155751e+01 9.718571610555716187e-05
2.255000000000156035e+01 9.820146127269120347e-05
2.250000000000156319e+01 9.922508534915517881e-05
2.245000000000156604e+01 1.002551671950184314e-04
2.240000000000156888e+01 1.012916951619585585e-04
2.235000000000157172e+01 1.023861378473026019e-04
2.230000000000157456e+01 1.034852403709100686e-04
2.225000000000157740e+01 1.045868335220980541e-04
2.220000000000158025e+01 1.056912014289840762e-04
2.215000000000158309e+01 1.067985709996261383e-04
2.210000000000158593e+01 1.103808243520770348e-04
2.205000000000158877e+01 1.115179887044639182e-04
2.200000000000159162e+01 1.125588193841254122e-04
2.195000000000159446e+01 1.136071481652737089e-04
2.190000000000159730e+01 1.146628446644309902e-04
2.185000000000160014e+01 1.157236178436029425e-04
2.180000000000160298e+01 1.167896728035454568e-04
2.175000000000160583e+01 1.178623664048038407e-04
2.170000000000160867e+01 1.189419892970491459e-04
2.165000000000161151e+01 1.200263483999926587e-04
2.160000000000161435e+01 1.211158435597023370e-04
2.155000000000161720e+01 1.222115719195535717e-04
2.150000000000162004e+01 1.233131835715470996e-04
2.145000000000162288e+01 1.244174048504248162e-04
2.140000000000162572e+01 1.255253192299020089e-04
2.135000000000162856e+01 1.266380391868382525e-04
2.130000000000163141e+01 1.277557560267900941e-04
2.125000000000163425e+01 1.288754666935748735e-04
2.120000000000163709e+01 1.299976790425543319e-04
2.115000000000163993e+01 1.311881226490681392e-04
2.110000000000164277e+01 1.323809240700720650e-04
2.105000000000164562e+01 1.335695715255807894e-04
2.100000000000164846e+01 1.347542257136624460e-04
2.095000000000165130e+01 1.359367772434236959e-04
2.090000000000165414e+01 1.371171578243483933e-04
2.085000000000165699e+01 1.413478647565443130e-04
2.080000000000165983e+01 1.427478438480596595e-04
2.075000000000166267e+01 1.438407153445175673e-04
2.070000000000166551e+01 1.449341941322921019e-04
2.065000000000166835e+01 1.460239468185183171e-04
2.060000000000167120e+01 1.471137440965770103e-04
2.055000000000167404e+01 1.482045672256076629e-04
2.050000000000167688e+01 1.492969859990095870e-04
2.045000000000167972e+01 1.503849314219835021e-04
2.040000000000168257e+01 1.514713630179826721e-04
2.035000000000168541e+01 1.525561173321631988e-04
2.030000000000168825e+01 1.536390920092235203e-04
2.025000000000169109e+01 1.547155396418622140e-04
2.020000000000169393e+01 1.557894318384030717e-04
2.015000000000169678e+01 1.568610966370908276e-04
2.010000000000169962e+01 1.579307675560588328e-04
2.005000000000170246e+01 1.589911469799933444e-04
2.000000000000170530e+01 1.600463186080763964e-04
1.995000000000170814e+01 1.611663233933368169e-04
1.990000000000171099e+01 1.622833569586160855e-04
1.985000000000171383e+01 1.633826485356817298e-04
1.980000000000171667e+01 1.644697072701826470e-04
1.975000000000171951e+01 1.655456134196510540e-04
1.970000000000172236e+01 1.666114103907528692e-04
1.965000000000172520e+01 1.676583024007008069e-04
1.960000000000172804e+01 1.720186120188786291e-04
1.955000000000173088e+01 1.737507171175357585e-04
1.950000000000173372e+01 1.746694374699231248e-04
1.945000000000173657e+01 1.755745176497519036e-04
1.940000000000173941e+01 1.764660565206125319e-04
1.935000000000174225e+01 1.773446510041595575e-04
1.930000000000174509e+01 1.782116997332887864e-04
1.925000000000174794e+01 1.790626761744704067e-04
1.920000000000175078e+01 1.798991819002895560e-04
1.915000000000175362e+01 1.807223269937950464e-04
1.910000000000175646e+01 1.815337779313815829e-04
1.905000000000175930e+01 1.823270570165735416e-04
1.900000000000176215e+01 1.831024507760492016e-04
1.895000000000176499e+01 1.838610509486644838e-04
1.890000000000176783e+01 1.846047856232783967e-04
1.885000000000177067e+01 1.853285526781002642e-04
1.880000000000177351e+01 1.860344214289053511e-04
1.875000000000177636e+01 1.867840436701104212e-04
1.870000000000177920e+01 1.875265745292337648e-04
1.865000000000178204e+01 1.886100554129093397e-04
1.860000000000178488e+01 1.892835063455377068e-04
1.855000000000178773e+01 1.899313270802229674e-04
1.850000000000179057e+01 1.905556400556591837e-04
1.845000000000179341e+01 1.911501715659840871e-04
1.840000000000179625e+01 1.917167720433861767e-04
1.835000000000179909e+01 1.952321918270080714e-04
1.830000000000180194e+01 1.973843209204825095e-04
1.825000000000180478e+01 1.977813128460544371e-04
1.820000000000180762e+01 1.981499916786603078e-04
1.815000000000181046e+01 1.984931308492584288e-04
1.810000000000181331e+01 1.988254751886057981e-04
1.805000000000181615e+01 1.991296840381243311e-04
1.800000000000181899e+01 1.994090472977019704e-04
1.795000000000182183e+01 1.996641390545974854e-04
1.790000000000182467e+01 1.999051820036414106e-04
1.785000000000182752e+01 2.001140900649542081e-04
1.780000000000183036e+01 2.002891456364813423e-04
1.775000000000183320e+01 2.004357270644119597e-04
1.770000000000183604e+01 2.005707737719987440e-04
1.765000000000183888e+01 2.006720209683313929e-04
1.760000000000184173e+01 2.007392122665379957e-04
1.755000000000184457e+01 2.008086474851820805e-04
1.750000000000184741e+01 2.008771939105604006e-04
1.745000000000185025e+01 2.009050886196672703e-04
1.740000000000185310e+01 2.009000506369185450e-04
1.735000000000185594e+01 2.008665377663028265e-04
1.730000000000185878e+01 2.008181457868420041e-04
1.725000000000186162e+01 2.007297986079894397e-04
1.720000000000186446e+01 2.006040531382046171e-04
1.715000000000186731e+01 2.004454258839465943e-04
1.710000000000187015e+01 2.022747820326146182e-04
1.705000000000187299e+01 2.048558208634848946e-04
1.700000000000187583e+01 2.045274589865882947e-04
1.695000000000187867e+01 2.041835409351852419e-04
1.690000000000188152e+01 2.038251671532880177e-04
1.685000000000188436e+01 2.034280348721033784e-04
1.680000000000188720e+01 2.029987161345652737e-04
1.675000000000189004e+01 2.025586170585836807e-04
1.670000000000189289e+01 2.021078769905223929e-04
1.665000000000189573e+01 2.016182713132815810e-04
1.660000000000189857e+01 2.010922641750169501e-04
1.655000000000190141e+01 2.005517200968111573e-04
1.650000000000190425e+01 2.000010793499699523e-04
1.645000000000190710e+01 1.994153130387312900e-04
1.640000000000190994e+01 1.987960891482117606e-04
1.635000000000191278e+01 1.981748452117854792e-04
1.630000000000191562e+01 1.954198981404187336e-04
1.625000000000191847e+01 1.947877666374992281e-04
1.620000000000192131e+01 1.941247900506636709e-04
1.615000000000192415e+01 1.934493376689776288e-04
1.610000000000192699e+01 1.927620908534816613e-04
1.605000000000192983e+01 1.920389480837490748e-04
1.600000000000193268e+01 1.912858566107872088e-04
1.595000000000193552e+01 1.905227646071588270e-04
1.590000000000193836e+01 1.897511654714582787e-04
1.585000000000194120e+01 1.899336482845366612e-04
1.580000000000194404e+01 1.926960435917529418e-04
1.575000000000194689e+01 1.918007109220113641e-04
1.570000000000194973e+01 1.908978677201797925e-04
1.565000000000195257e+01 1.899627608158064142e-04
1.560000000000195541e+01 1.890077386900170203e-04
1.555000000000195826e+01 1.880455825800695193e-04
1.550000000000196110e+01 1.870788277728200157e-04
1.545000000000196394e+01 1.860833149050430415e-04
1.540000000000196678e+01 1.850800045453410017e-04
1.535000000000196962e+01 1.840707108497362428e-04
1.530000000000197247e+01 1.830575921701736611e-04
1.525000000000197531e+01 1.820175623907440028e-04
1.520000000000197815e+01 1.809716577750519685e-04
1.515000000000198099e+01 1.799249510533905351e-04
1.510000000000198384e+01 1.788866478675035494e-04
1.505000000000198668e+01 1.778220280112255067e-04
1.500000000000198952e+01 1.767518671616986512e-04
1.495000000000199236e+01 1.756787812727389074e-04
1.490000000000199520e+01 1.746043592182347449e-04
1.485000000000199805e+01 1.735063025817666920e-04
1.480000000000200089e+01 1.724040915742115635e-04
1.475000000000200373e+01 1.713002615426836861e-04
1.470000000000200657e+01 1.701966662657476053e-04
1.465000000000200941e+01 1.690719560507005154e-04
1.460000000000201226e+01 1.673171179420715254e-04
1.455000000000201510e+01 1.710389015213116884e-04
1.450000000000201794e+01 1.688101925176684244e-04
1.445000000000202078e+01 1.676259469452401796e-04
1.440000000000202363e+01 1.664380823862914548e-04
1.435000000000202647e+01 1.652476472279372456e-04
1.430000000000202931e+01 1.640560988180822868e-04
1.425000000000203215e+01 1.628587362033166708e-04
1.420000000000203499e+01 1.616587839580729271e-04
1.415000000000203784e+01 1.604577983757242811e-04
1.410000000000204068e+01 1.592566218356875236e-04
1.405000000000204352e+01 1.580502093698994486e-04
1.400000000000204636e+01 1.568422047018880631e-04
1.395000000000204921e+01 1.556345206633480557e-04
1.390000000000205205e+01 1.544353981842296151e-04
1.385000000000205489e+01 1.532306276170991826e-04
1.380000000000205773e+01 1.520240220952146350e-04
1.375000000000206057e+01 1.508180800146408194e-04
1.370000000000206342e+01 1.496143665129976666e-04
1.365000000000206626e+01 1.484078542142335314e-04
1.360000000000206910e+01 1.472007214213915381e-04
1.355000000000207194e+01 1.459956274310595823e-04
1.350000000000207478e+01 1.447942100688930903e-04
1.345000000000207763e+01 1.435909217773335251e-04
1.340000000000208047e+01 1.423863249670112964e-04
1.335000000000208331e+01 1.413175139156054268e-04
1.330000000000208615e+01 1.437342055725766377e-04
1.325000000000208900e+01 1.424922493714090785e-04
1.320000000000209184e+01 1.412488503910000091e-04
1.315000000000209468e+01 1.400054103330104207e-04
1.310000000000209752e+01 1.387742336131111520e-04
1.305000000000210036e+01 1.375386665886768178e-04
1.300000000000210321e+01 1.363021147050552792e-04
1.295000000000210605e+01 1.350674689911906363e-04
1.290000000000210889e+01 1.338465889662492981e-04
1.285000000000211173e+01 1.326229827222310024e-04
1.280000000000211458e+01 1.286930825521739007e-04
1.275000000000211742e+01 1.274892826339787467e-04
1.270000000000212026e+01 1.262999983747936899e-04
1.265000000000212310e+01 1.251086474077410732e-04
1.260000000000212594e+01 1.239169885791968943e-04
1.255000000000212879e+01 1.227277080993232283e-04
1.250000000000213163e+01 1.215522800938403106e-04
1.245000000000213447e+01 1.203763784016877517e-04
1.240000000000213731e+01 1.191992094710534942e-04
1.235000000000214015e+01 1.180219345321607230e-04
1.230000000000214300e+01 1.168560452471598539e-04
1.225000000000214584e+01 1.156907442819684527e-04
1.220000000000214868e+01 1.145249219986963608e-04
1.215000000000215152e+01 1.133592342284118907e-04
1.210000000000215437e+01 1.122470807943922518e-04
1.205000000000215721e+01 1.142474894372332879e-04
1.200000000000216005e+01 1.130511394633508738e-04
1.195000000000216289e+01 1.118651225804526248e-04
1.190000000000216573e+01 1.106907813721971822e-04
1.185000000000216858e+01 1.095162497035244182e-04
1.180000000000217142e+01 1.083413043750551335e-04
1.175000000000217426e+01 1.071750291615031713e-04
1.170000000000217710e+01 1.060183045899807741e-04
1.165000000000217995e+01 1.048617886487813013e-04
1.160000000000218279e+01 1.037061216308170171e-04
1.155000000000218563e+01 1.025593002054449673e-04
1.150000000000218847e+01 1.014226500520259804e-04
1.145000000000219131e+01 1.002873029269517086e-04
1.140000000000219416e+01 9.915370975645322626e-05
1.135000000000219700e+01 9.802821014930150189e-05
1.130000000000219984e+01 9.691042991628608897e-05
1.125000000000220268e+01 9.579339115542430361e-05
1.120000000000220552e+01 9.467862992737711004e-05
1.115000000000220837e+01 9.357245013663417548e-05
1.110000000000221121e+01 9.247405841079949494e-05
1.105000000000221405e+01 9.137647982671922447e-05
1.100000000000221689e+01 9.028133135920365113e-05
1.095000000000221974e+01 8.919542428753822461e-05
1.090000000000222258e+01 8.811857810441434103e-05
1.085000000000222542e+01 8.705841702920200261e-05
1.080000000000222826e+01 8.864977923725414748e-05
1.075000000000223110e+01 8.754946531203068507e-05
1.070000000000223395e+01 8.645643432499258360e-05
1.065000000000223679e+01 8.536491515957310026e-05
1.060000000000223963e+01 8.428077533046089817e-05
1.055000000000224247e+01 8.320406823423669987e-05
1.050000000000224532e+01 8.213451769942175314e-05
1.045000000000224816e+01 8.106716177233119595e-05
1.040000000000225100e+01 8.000775061601359439e-05
1.035000000000225384e+01 7.714827925497554897e-05
1.030000000000225668e+01 7.612240294803781148e-05
1.025000000000225953e+01 7.509968673365853965e-05
1.020000000000226237e+01 7.408298263177245902e-05
1.015000000000226521e+01 7.307248579711990563e-05
1.010000000000226805e+01 7.206915649304396427e-05
1.005000000000227089e+01 7.107030216308366638e-05
