5.000000000000000000e+01 0.000000000000000000e+00
4.995000000000000284e+01 9.882652528913839769e-19
4.990000000000000568e+01 1.762523200504466976e-18
4.985000000000000853e+01 2.366765375575347831e-18
4.980000000000001137e+01 2.951470156722582023e-18
4.975000000000001421e+01 3.486459509374610786e-18
4.970000000000001705e+01 3.963704620757322126e-18
4.965000000000001990e+01 4.457113600649344172e-18
4.960000000000002274e+01 4.982695625116123265e-18
4.955000000000002558e+01 5.446406785034684774e-18
4.950000000000002842e+01 5.927321441932674784e-18
4.945000000000003126e+01 6.422693417011936591e-18
4.940000000000003411e+01 6.934081563782427634e-18
4.935000000000003695e+01 7.496907310392943416e-18
4.930000000000003979e+01 7.987373415769541122e-18
4.925000000000004263e+01 8.494441384577153169e-18
4.920000000000004547e+01 9.018395960865168367e-18
4.915000000000004832e+01 9.559025100389010399e-18
4.910000000000005116e+01 1.011983516558206167e-17
4.905000000000005400e+01 1.069846828962051684e-17
4.900000000000005684e+01 1.129866936819592749e-17
4.895000000000005969e+01 1.191759678886342210e-17
4.890000000000006253e+01 1.255957960979489702e-17
4.885000000000006537e+01 1.322189508786537821e-17
4.880000000000006821e+01 1.397227440286761077e-17
4.875000000000007105e+01 1.463517144414362026e-17
4.870000000000007390e+01 1.531895960010514275e-17
4.865000000000007674e+01 1.602765679470486052e-17
4.860000000000007958e+01 1.675842052509243448e-17
4.855000000000008242e+01 1.751682857930809242e-17
4.850000000000008527e+01 1.829880372703216003e-17
4.845000000000008811e+01 1.911029900421551053e-17
4.840000000000009095e+01 1.994649731662162952e-17
4.835000000000009379e+01 2.080704689380856823e-17
4.830000000000009663e+01 2.170187400506815132e-17
4.825000000000009948e+01 2.262387462999455775e-17
4.820000000000010232e+01 2.358122149101584500e-17
4.815000000000010516e+01 2.456757578022271810e-17
4.810000000000010800e+01 2.558321208620934966e-17
4.805000000000011084e+01 2.663864415996253601e-17
4.800000000000011369e+01 2.772657847845439730e-17
4.795000000000011653e+01 2.885608683539099596e-17
4.790000000000011937e+01 3.001970605382879667e-17
4.785000000000012221e+01 3.121775493044622260e-17
4.780000000000012506e+01 3.246180077803482862e-17
4.775000000000012790e+01 3.374483377038065850e-17
4.770000000000013074e+01 3.506548208315052917e-17
4.765000000000013358e+01 3.643784153718170087e-17
4.760000000000013642e+01 3.785278703324253185e-17
4.755000000000013927e+01 3.932016828022133546e-17
4.750000000000014211e+01 4.083331868709529724e-17
4.745000000000014495e+01 4.239061157489553571e-17
4.740000000000014779e+01 4.400771199089568306e-17
4.735000000000015064e+01 4.567479797943757709e-17
4.730000000000015348e+01 4.697268163497676813e-17
4.725000000000015632e+01 4.874150841203190672e-17
4.720000000000015916e+01 5.056402561060061218e-17
4.715000000000016200e+01 5.243947332597910118e-17
4.710000000000016485e+01 5.438917614383895881e-17
4.705000000000016769e+01 5.639792132820019465e-17
4.700000000000017053e+01 5.846438091063227761e-17
4.695000000000017337e+01 6.061296793472982706e-17
4.690000000000017621e+01 6.263349553693074845e-17
4.685000000000017906e+01 6.490408355036511183e-17
4.680000000000018190e+01 6.726416549715294608e-17
4.675000000000018474e+01 6.969437200890246408e-17
4.670000000000018758e+01 7.219562731663416920e-17
4.665000000000019043e+01 7.479521861544532718e-17
4.660000000000019327e+01 7.747185085234129842e-17
4.655000000000019611e+01 8.022653113078166507e-17
4.650000000000019895e+01 8.308922993555562385e-17
4.645000000000020179e+01 8.603654129711919962e-17
4.640000000000020464e+01 8.906882484945000108e-17
4.635000000000020748e+01 9.219479164508128788e-17
4.630000000000021032e+01 9.544250957774889629e-17
4.625000000000021316e+01 9.878482915539631499e-17
4.620000000000021600e+01 1.022277405817313360e-16
4.615000000000021885e+01 1.058042722262652741e-16
4.610000000000022169e+01 1.089310100221979470e-16
4.605000000000022453e+01 1.127001947793876045e-16
4.600000000000022737e+01 1.165851145856217244e-16
4.595000000000023022e+01 1.206212116760260126e-16
4.590000000000023306e+01 1.247733835237354503e-16
4.585000000000023590e+01 1.290497398698669847e-16
4.580000000000023874e+01 1.334919056690176278e-16
4.575000000000024158e+01 1.380632522901769524e-16
4.570000000000024443e+01 1.427662758337557739e-16
4.565000000000024727e+01 1.476116390999834873e-16
4.560000000000025011e+01 1.526455966978833269e-16
4.555000000000025295e+01 1.578234206682451025e-16
4.550000000000025580e+01 1.631538341740588835e-16
4.545000000000025864e+01 1.686463357631060347e-16
4.540000000000026148e+01 1.743030022673858180e-16
4.535000000000026432e+01 1.801751946219467962e-16
4.530000000000026716e+01 1.862234507457057189e-16
4.525000000000027001e+01 1.924506388861638853e-16
4.520000000000027285e+01 1.988603743604474121e-16
4.515000000000027569e+01 2.042426306520288263e-16
4.510000000000027853e+01 2.110529211028834705e-16
4.505000000000028137e+01 2.180638401464318482e-16
4.500000000000028422e+01 2.252775018384590167e-16
4.495000000000028706e+01 2.327086082291568482e-16
4.490000000000028990e+01 2.404258253031859747e-16
4.485000000000029274e+01 2.483723208146761390e-16
4.480000000000029559e+01 2.557601620889691125e-16
4.475000000000029843e+01 2.641499429618655106e-16
4.470000000000030127e+01 2.727891007087156503e-16
4.465000000000030411e+01 2.817594577570001506e-16
4.460000000000030695e+01 2.909949415850243641e-16
4.455000000000030980e+01 3.004907906676569961e-16
4.450000000000031264e+01 3.102674671755486817e-16
4.445000000000031548e+01 3.203358527295100598e-16
4.440000000000031832e+01 3.307883368539756250e-16
4.435000000000032117e+01 3.415482019879560332e-16
4.430000000000032401e+01 3.526098614101643031e-16
4.425000000000032685e+01 3.639970121722828670e-16
4.420000000000032969e+01 3.757222308810309324e-16
4.415000000000033253e+01 3.877955895785181912e-16
4.410000000000033538e+01 4.003339977611859382e-16
4.405000000000033822e+01 4.132236388034238525e-16
4.400000000000034106e+01 4.233837259755175820e-16
4.395000000000034390e+01 4.369329028230945519e-16
4.390000000000034674e+01 4.508903236953185849e-16
4.385000000000034959e+01 4.652596566891420570e-16
4.380000000000035243e+01 4.800511141003791554e-16
4.375000000000035527e+01 4.952790569986866904e-16
4.370000000000035811e+01 5.110900193443284812e-16
4.365000000000036096e+01 5.273594490099177909e-16
4.360000000000036380e+01 5.440941848332611998e-16
4.355000000000036664e+01 5.613037291874805533e-16
4.350000000000036948e+01 5.790201987705481042e-16
4.345000000000037232e+01 5.972552487992126277e-16
4.340000000000037517e+01 6.160342055743384707e-16
4.335000000000037801e+01 6.353626711954837420e-16
4.330000000000038085e+01 6.552613170898230765e-16
4.325000000000038369e+01 6.759147691346808235e-16
4.320000000000038654e+01 6.971613320560102772e-16
4.315000000000038938e+01 7.190095993703448288e-16
4.310000000000039222e+01 7.414679881387351174e-16
4.305000000000039506e+01 7.645909605247938491e-16
4.300000000000039790e+01 7.883778660352436558e-16
4.295000000000040075e+01 8.128671966711699235e-16
4.290000000000040359e+01 8.380659285963277970e-16
4.285000000000040643e+01 8.640072252956425044e-16
4.280000000000040927e+01 8.907121726745376793e-16
4.275000000000041211e+01 9.182024434680518085e-16
4.270000000000041496e+01 9.435111581706578004e-16
4.265000000000041780e+01 9.725286431414037668e-16
4.260000000000042064e+01 1.002396898697780410e-15
4.255000000000042348e+01 1.033139977611091796e-15
4.250000000000042633e+01 1.065032059416989090e-15
4.245000000000042917e+01 1.097825188193800614e-15
4.240000000000043201e+01 1.131531959225563723e-15
4.235000000000043485e+01 1.166178973260319067e-15
4.230000000000043769e+01 1.201834983778056367e-15
4.225000000000044054e+01 1.238507669235301223e-15
4.220000000000044338e+01 1.276236041627154724e-15
4.215000000000044622e+01 1.308408546520609228e-15
4.210000000000044906e+01 1.348139963626193663e-15
4.205000000000045191e+01 1.389022185147005648e-15
4.200000000000045475e+01 1.460936247204702656e-15
4.195000000000045759e+01 1.505187980595975025e-15
4.190000000000046043e+01 1.549193093620488435e-15
4.185000000000046327e+01 1.595999441586599259e-15
4.180000000000046612e+01 1.644161354995703696e-15
4.175000000000046896e+01 1.693717030047003469e-15
4.170000000000047180e+01 1.744704679807607353e-15
4.165000000000047464e+01 1.795361740655078509e-15
4.160000000000047748e+01 1.849276474659831137e-15
4.155000000000048033e+01 1.904743837988818412e-15
4.150000000000048317e+01 1.961807426216006102e-15
4.145000000000048601e+01 2.020495471120744177e-15
4.140000000000048885e+01 2.080306719275963615e-15
4.135000000000049170e+01 2.139814915294913932e-15
4.130000000000049454e+01 2.203282340053470325e-15
4.125000000000049738e+01 2.268644143420526291e-15
4.120000000000050022e+01 2.335875578770548852e-15
4.115000000000050306e+01 2.405064957664780393e-15
4.110000000000050591e+01 2.455823459681024394e-15
4.105000000000050875e+01 2.528457080883396619e-15
4.100000000000051159e+01 2.603158301804189371e-15
4.095000000000051443e+01 2.679984421010713646e-15
4.090000000000051728e+01 2.758993260774613383e-15
4.085000000000052012e+01 2.840277030732897356e-15
4.080000000000052296e+01 2.920779430402144533e-15
4.075000000000052580e+01 3.006634799171210142e-15
4.070000000000052864e+01 3.094099038055856344e-15
4.065000000000053149e+01 3.173954991274334309e-15
4.060000000000053433e+01 3.266539154649189788e-15
4.055000000000053717e+01 3.358178885866125763e-15
4.050000000000054001e+01 3.455991128039313209e-15
4.045000000000054285e+01 3.556605863757716813e-15
4.040000000000054570e+01 3.660071402153569047e-15
4.035000000000054854e+01 3.766487372311419125e-15
4.030000000000055138e+01 3.871664543379005476e-15
4.025000000000055422e+01 3.982947181375849425e-15
4.020000000000055707e+01 4.097635107648097348e-15
4.015000000000055991e+01 4.215788086630489670e-15
4.010000000000056275e+01 4.337303728544336086e-15
4.005000000000056559e+01 4.462200547938090070e-15
4.000000000000056843e+01 4.585560456800400111e-15
3.995000000000057128e+01 4.686348492688052598e-15
3.990000000000057412e+01 4.819796518014543381e-15
3.985000000000057696e+01 4.948409830573428819e-15
3.980000000000057980e+01 5.083420395898264873e-15
3.975000000000058265e+01 5.218230252881787326e-15
3.970000000000058549e+01 5.363473933632073029e-15
3.965000000000058833e+01 5.513335582749923141e-15
3.960000000000059117e+01 5.665911437467523325e-15
3.955000000000059401e+01 5.823188104763246485e-15
3.950000000000059686e+01 5.985678009487781010e-15
3.945000000000059970e+01 6.145644358488187728e-15
3.940000000000060254e+01 6.317174935800906768e-15
3.935000000000060538e+01 6.491866493989176667e-15
3.930000000000060822e+01 6.672346464759275434e-15
3.925000000000061107e+01 6.858251098402283292e-15
3.920000000000061391e+01 7.041094298580336145e-15
3.915000000000061675e+01 7.237261108644326937e-15
3.910000000000061959e+01 7.436930197066704242e-15
3.905000000000062244e+01 7.642644004900823565e-15
3.900000000000062528e+01 7.854441186051383235e-15
3.895000000000062812e+01 8.062519776190560662e-15
3.890000000000063096e+01 8.283947181853578338e-15
3.885000000000063380e+01 8.512396785971237482e-15
3.880000000000063665e+01 8.747547868042170599e-15
3.875000000000063949e+01 8.989299567410909236e-15
3.870000000000064233e+01 9.235453704856595286e-15
3.865000000000064517e+01 9.477403454842375243e-15
3.860000000000064801e+01 9.737849505305295036e-15
3.855000000000065086e+01 9.912713506008655168e-15
3.850000000000065370e+01 1.018285247930445162e-14
3.845000000000065654e+01 1.046093932273364922e-14
3.840000000000065938e+01 1.073388346613255119e-14
3.835000000000066223e+01 1.102504429045208099e-14
3.830000000000066507e+01 1.132490576032014937e-14
3.825000000000066791e+01 1.157422599159269228e-14
3.820000000000067075e+01 1.188685313459181940e-14
3.815000000000067359e+01 1.220889117010360432e-14
3.810000000000067644e+01 1.252414773240632494e-14
3.805000000000067928e+01 1.286401887319394372e-14
3.800000000000068212e+01 1.321005923332712191e-14
3.795000000000068496e+01 1.356626153249992407e-14
3.790000000000068781e+01 1.393271376268762155e-14
3.785000000000069065e+01 1.428731037703638187e-14
3.780000000000069349e+01 1.467087006934154262e-14
3.775000000000069633e+01 1.506534478803742402e-14
3.770000000000069917e+01 1.546711198110315752e-14
3.765000000000070202e+01 1.588069614343606213e-14
3.760000000000070486e+01 1.628061442136820439e-14
3.755000000000070770e+01 1.671406183875044722e-14
3.750000000000071054e+01 1.716006699933250391e-14
3.745000000000071338e+01 1.761384489644984724e-14
3.740000000000071623e+01 1.808126415821191415e-14
3.735000000000071907e+01 1.856192528756021486e-14
3.730000000000072191e+01 1.902563655377061026e-14
3.725000000000072475e+01 1.952854938129377516e-14
3.720000000000072760e+01 2.004103009015572879e-14
3.715000000000073044e+01 2.056869334464408996e-14
3.710000000000073328e+01 2.111151428070345861e-14
3.705000000000073612e+01 2.163428522615435518e-14
3.700000000000073896e+01 2.220204315914083658e-14
3.695000000000074181e+01 2.278051129376716703e-14
3.690000000000074465e+01 2.337615781405960088e-14
3.685000000000074749e+01 2.398851917281187310e-14
3.680000000000075033e+01 2.461159563010268150e-14
3.675000000000075318e+01 2.521788804824631685e-14
3.670000000000075602e+01 2.587029618705460462e-14
3.665000000000075886e+01 2.654192124196745791e-14
3.660000000000076170e+01 2.722609619549261631e-14
3.655000000000076454e+01 2.772814531341391231e-14
3.650000000000076739e+01 2.839999076674585813e-14
3.645000000000077023e+01 2.903032739133565176e-14
3.640000000000077307e+01 2.977380712982350012e-14
3.635000000000077591e+01 3.053892698843294435e-14
3.630000000000077875e+01 3.131862272267320465e-14
3.625000000000078160e+01 3.207398219519974845e-14
3.620000000000078444e+01 3.289003236805899638e-14
3.615000000000078728e+01 3.372996507751676547e-14
3.610000000000079012e+01 3.458558239118885380e-14
3.605000000000079297e+01 3.546617220871223722e-14
3.600000000000079581e+01 3.636315810042595822e-14
3.595000000000079865e+01 3.723026729164040500e-14
3.590000000000080149e+01 3.816894533441797010e-14
3.585000000000080433e+01 3.913458459543565804e-14
3.580000000000080718e+01 4.011837049909113466e-14
3.575000000000081002e+01 4.113032858753112074e-14
3.570000000000081286e+01 4.209696101912572106e-14
3.565000000000081570e+01 4.315547176494092971e-14
3.560000000000081855e+01 4.423370828938379647e-14
3.555000000000082139e+01 4.534262410150848825e-14
3.550000000000082423e+01 4.647211159393176778e-14
3.545000000000082707e+01 4.762331464038128440e-14
3.540000000000082991e+01 4.873387434177479585e-14
3.535000000000083276e+01 4.993883323928234640e-14
3.530000000000083560e+01 5.118001183459659983e-14
3.525000000000083844e+01 5.244238644655302457e-14
3.520000000000084128e+01 5.374189078707011572e-14
3.515000000000084412e+01 5.497657795002934130e-14
3.510000000000084697e+01 5.632254608465642111e-14
3.505000000000084981e+01 5.770859814078240265e-14
3.500000000000085265e+01 5.911920052398838311e-14
3.495000000000085549e+01 6.057142886431994040e-14
3.490000000000085834e+01 6.194788352359069890e-14
3.485000000000086118e+01 6.345167343686324808e-14
3.480000000000086402e+01 6.500044617561554191e-14
3.475000000000086686e+01 6.657609299266031992e-14
3.470000000000086970e+01 6.818347896311050806e-14
3.465000000000087255e+01 6.983812107333899690e-14
3.460000000000087539e+01 7.133797036653578969e-14
3.455000000000087823e+01 7.304895527479295056e-14
3.450000000000088107e+01 7.470202279600407403e-14
3.445000000000088392e+01 7.633443584264774331e-14
3.440000000000088676e+01 7.768281279054669649e-14
3.435000000000088960e+01 7.916792982009991614e-14
3.430000000000089244e+01 8.037842481715345870e-14
3.425000000000089528e+01 8.200706384866755626e-14
3.420000000000089813e+01 8.365048824417998077e-14
3.415000000000090097e+01 8.531467327055378444e-14
3.410000000000090381e+01 8.699332017921588062e-14
3.405000000000090665e+01 8.853595670836353455e-14
3.400000000000090949e+01 9.025716025269762373e-14
3.395000000000091234e+01 9.200175048907756723e-14
3.390000000000091518e+01 9.377072710584765477e-14
3.385000000000091802e+01 9.556486560595518664e-14
3.380000000000092086e+01 9.720320371312156441e-14
3.375000000000092371e+01 9.904749789106758663e-14
3.370000000000092655e+01 1.009164698609748573e-13
3.365000000000092939e+01 1.028168587002519289e-13
3.360000000000093223e+01 1.048617620039776188e-13
3.355000000000093507e+01 1.066919186587138311e-13
3.350000000000093792e+01 1.087384676904343299e-13
3.345000000000094076e+01 1.108111197912021849e-13
3.340000000000094360e+01 1.129094400894978049e-13
3.335000000000094644e+01 1.150420266226685706e-13
3.330000000000094929e+01 1.174119431612036996e-13
3.325000000000095213e+01 1.195038553730638731e-13
3.320000000000095497e+01 1.218295012514898205e-13
3.315000000000095781e+01 1.241695170982563945e-13
3.310000000000096065e+01 1.265293117366103648e-13
3.305000000000096350e+01 1.289223159795505615e-13
3.300000000000096634e+01 1.310678228543709862e-13
3.295000000000096918e+01 1.335070029832462294e-13
3.290000000000097202e+01 1.359790890919173137e-13
3.285000000000097486e+01 1.384713857055777282e-13
3.280000000000097771e+01 1.409972574382930756e-13
3.275000000000098055e+01 1.435512442549567976e-13
3.270000000000098339e+01 1.458304508321790401e-13
3.265000000000098623e+01 1.484462026895560685e-13
3.260000000000098908e+01 1.510968484294462786e-13
3.255000000000099192e+01 1.537828953902875744e-13
3.250000000000099476e+01 1.565048387717823715e-13
3.245000000000099760e+01 1.589047458323836686e-13
3.240000000000100044e+01 1.616821143012425883e-13
3.235000000000100329e+01 1.644970468700976195e-13
3.230000000000100613e+01 1.667583108999687473e-13
3.225000000000100897e+01 1.696413638024191501e-13
3.220000000000101181e+01 1.721745135567957242e-13
3.215000000000101466e+01 1.751334595978049498e-13
3.210000000000101750e+01 1.781341605841294653e-13
3.205000000000102034e+01 1.814842312630380852e-13
3.200000000000102318e+01 1.847604577805729933e-13
3.195000000000102602e+01 1.870626658117772829e-13
3.190000000000102887e+01 1.898981709259102454e-13
3.185000000000103171e+01 1.931999237172468447e-13
3.180000000000103455e+01 1.965266812674245105e-13
3.175000000000103739e+01 1.998992016254725118e-13
3.170000000000104023e+01 2.033171617504668415e-13
3.165000000000104308e+01 2.062718100114180392e-13
3.160000000000104592e+01 2.097528874979713432e-13
3.155000000000104876e+01 2.132817755431541751e-13
3.150000000000105160e+01 2.168580678113914268e-13
3.145000000000105445e+01 2.204822905636512796e-13
3.140000000000105729e+01 2.241553872883991710e-13
3.135000000000106013e+01 2.272913431816478080e-13
3.130000000000106297e+01 2.310503097801843931e-13
3.125000000000106581e+01 2.348436824276630981e-13
3.120000000000106866e+01 2.386883301746392652e-13
3.115000000000107150e+01 2.425838577739915394e-13
3.110000000000107434e+01 2.458723803143242324e-13
3.105000000000107718e+01 2.498575991775133098e-13
3.100000000000108002e+01 2.538959063412968978e-13
3.095000000000108287e+01 2.579871676987604495e-13
3.090000000000108571e+01 2.621319550734022551e-13
3.085000000000108855e+01 2.655913572326467526e-13
3.080000000000109139e+01 2.702885323256325821e-13
3.075000000000109424e+01 2.748762825413977247e-13
3.070000000000109708e+01 2.794558256602992624e-13
3.065000000000109992e+01 2.840599254659608864e-13
3.060000000000110276e+01 2.884433932233593082e-13
3.055000000000110560e+01 2.920998957725815801e-13
3.050000000000110845e+01 2.966845838030948520e-13
3.045000000000111129e+01 3.013486415500109730e-13
3.040000000000111413e+01 3.046654503342977967e-13
3.035000000000111697e+01 3.094390182697403512e-13
3.030000000000111982e+01 3.133213263654732220e-13
3.025000000000112266e+01 3.181996885806177850e-13
3.020000000000112550e+01 3.220324227218610656e-13
3.015000000000112834e+01 3.270365274613673966e-13
3.010000000000113118e+01 3.321052874571562866e-13
3.005000000000113403e+01 3.372153534791147827e-13
3.000000000000113687e+01 3.412989106322338994e-13
2.995000000000113971e+01 3.465727644430041286e-13
2.990000000000114255e+01 3.518976922448276207e-13
2.985000000000114539e+01 3.572976193177174611e-13
2.980000000000114824e+01 3.627624943354430227e-13
2.975000000000115108e+01 3.670702783949484330e-13
2.970000000000115392e+01 3.706150300320193605e-13
2.965000000000115676e+01 3.762318740814299907e-13
2.960000000000115961e+01 3.819190164970219297e-13
2.955000000000116245e+01 3.883650174402681405e-13
2.950000000000116529e+01 3.932620687137005492e-13
2.945000000000116813e+01 3.994802576827669169e-13
2.940000000000117097e+01 4.056764057593856578e-13
2.935000000000117382e+01 4.119392291888365803e-13
2.930000000000117666e+01 4.182275118551530408e-13
2.925000000000117950e+01 4.245896438696139391e-13
2.920000000000118234e+01 4.294541880227828896e-13
2.915000000000118519e+01 4.358904550363377088e-13
2.910000000000118803e+01 4.424055970438280102e-13
2.905000000000119087e+01 4.489978362747714524e-13
2.900000000000119371e+01 4.530869656701647544e-13
2.895000000000119655e+01 4.580685021821526688e-13
2.890000000000119940e+01 4.648621659382200759e-13
2.885000000000120224e+01 4.717501119509983984e-13
2.880000000000120508e+01 4.786983291048765321e-13
2.875000000000120792e+01 4.857419470554027412e-13
2.870000000000121076e+01 4.928840900738676471e-13
2.865000000000121361e+01 4.982260004085460411e-13
2.860000000000121645e+01 5.055382528121080139e-13
2.855000000000121929e+01 5.129495416214218343e-13
2.850000000000122213e+01 5.204634644149322716e-13
2.845000000000122498e+01 5.280796483969621486e-13
2.840000000000122782e+01 5.337409621583246832e-13
2.835000000000123066e+01 5.415311882840030313e-13
2.830000000000123350e+01 5.504455178157016996e-13
2.825000000000123634e+01 5.590985732623744392e-13
2.820000000000123919e+01 5.676431083391537582e-13
2.815000000000124203e+01 5.718764707531079868e-13
2.810000000000124487e+01 5.804888388025613901e-13
2.805000000000124771e+01 5.891442369011321159e-13
2.800000000000125056e+01 5.979088271880043493e-13
2.795000000000125340e+01 6.067832560945737797e-13
2.790000000000125624e+01 6.156830073541748205e-13
2.785000000000125908e+01 6.221741926763904095e-13
2.780000000000126192e+01 6.312657166739034331e-13
2.775000000000126477e+01 6.404730613272787695e-13
2.770000000000126761e+01 6.498038096617587350e-13
2.765000000000127045e+01 6.592567059367534844e-13
2.760000000000127329e+01 6.660343675606404343e-13
2.755000000000127613e+01 6.756392531484713608e-13
2.750000000000127898e+01 6.812890016797352795e-13
2.745000000000128182e+01 6.911003861375599968e-13
2.740000000000128466e+01 7.010401428911552850e-13
2.735000000000128750e+01 7.116177308059510840e-13
2.730000000000129035e+01 7.190761251583752860e-13
2.725000000000129319e+01 7.295768508690721875e-13
2.720000000000129603e+01 7.401741779028727777e-13
2.715000000000129887e+01 7.509037852678079074e-13
2.710000000000130171e+01 7.617744572207836320e-13
2.705000000000130456e+01 7.709490052418727132e-13
2.700000000000130740e+01 7.828659995703351960e-13
2.695000000000131024e+01 7.946828450704869448e-13
2.690000000000131308e+01 8.065537774524572198e-13
2.685000000000131593e+01 8.185280345045298228e-13
2.680000000000131877e+01 8.269386891798664568e-13
2.675000000000132161e+01 8.390602112886381012e-13
2.670000000000132445e+01 8.513458047318429735e-13
2.665000000000132729e+01 8.636770605427197537e-13
2.660000000000133014e+01 8.761673099720899586e-13
2.655000000000133298e+01 8.888166231956162763e-13
2.650000000000133582e+01 8.976612178935178175e-13
2.645000000000133866e+01 9.061314268443319687e-13
2.640000000000134150e+01 9.191834922199627734e-13
2.635000000000134435e+01 9.323298123381755422e-13
2.630000000000134719e+01 9.456704271789742666e-13
2.625000000000135003e+01 9.548722449346105173e-13
2.620000000000135287e+01 9.685280689233353437e-13
2.615000000000135572e+01 9.823695530017913145e-13
2.610000000000135856e+01 9.964258750226092008e-13
2.605000000000136140e+01 1.006830547599368358e-12
2.600000000000136424e+01 1.021233695097632105e-12
2.595000000000136708e+01 1.031074452397821014e-12
2.590000000000136993e+01 1.045872780159735619e-12
2.585000000000137277e+01 1.060904997924367878e-12
2.580000000000137561e+01 1.078125482953785659e-12
2.575000000000137845e+01 1.094649500653758946e-12
2.570000000000138130e+01 1.105907003279050744e-12
2.565000000000138414e+01 1.122422522134332753e-12
2.560000000000138698e+01 1.139152968119703666e-12
2.555000000000138982e+01 1.155960266152867959e-12
2.550000000000139266e+01 1.173033529898814929e-12
2.545000000000139551e+01 1.184608478793284758e-12
2.540000000000139835e+01 1.201956627470642815e-12
2.535000000000140119e+01 1.212771026325376266e-12
2.530000000000140403e+01 1.230556945276319898e-12
2.525000000000140687e+01 1.248607828584541569e-12
2.520000000000140972e+01 1.266915862560177240e-12
2.515000000000141256e+01 1.279224752431092091e-12
2.510000000000141540e+01 1.297944020922443384e-12
2.505000000000141824e+01 1.316960177122456367e-12
2.500000000000142109e+01 1.336263507108759896e-12
2.495000000000142393e+01 1.355846011760564392e-12
2.490000000000142677e+01 1.368903573807988306e-12
2.485000000000142961e+01 1.389075129743548999e-12
2.480000000000143245e+01 1.409563361373888538e-12
2.475000000000143530e+01 1.430263018475321442e-12
2.470000000000143814e+01 1.451433359075473201e-12
2.465000000000144098e+01 1.472999799192664825e-12
2.460000000000144382e+01 1.487229372327091016e-12
2.455000000000144667e+01 1.512206324226453220e-12
2.450000000000144951e+01 1.536406703829370069e-12
2.445000000000145235e+01 1.560590631223180323e-12
2.440000000000145519e+01 1.584955720040169410e-12
2.435000000000145803e+01 1.601115944372721223e-12
2.430000000000146088e+01 1.626037747844267278e-12
2.425000000000146372e+01 1.651403690629635141e-12
2.420000000000146656e+01 1.677023667546225981e-12
2.415000000000146940e+01 1.703052484907380610e-12
2.410000000000147224e+01 1.720549179334891601e-12
2.405000000000147509e+01 1.747524445540782160e-12
2.400000000000147793e+01 1.774975384026622502e-12
2.395000000000148077e+01 1.795637520422621996e-12
2.390000000000148361e+01 1.823958429137328147e-12
2.385000000000148646e+01 1.852851355508985012e-12
2.380000000000148930e+01 1.872190757695306022e-12
2.375000000000149214e+01 1.901977664405033507e-12
2.370000000000149498e+01 1.932377922459887782e-12
2.365000000000149782e+01 1.963428804236825923e-12
2.360000000000150067e+01 1.995094391129104933e-12
2.355000000000150351e+01 2.016191396846488738e-12
2.350000000000150635e+01 2.049206936685032579e-12
2.345000000000150919e+01 2.083001476975924410e-12
2.340000000000151203e+01 2.117517799966928114e-12
2.335000000000151488e+01 2.152710570995896891e-12
2.330000000000151772e+01 2.192682783064495489e-12
2.325000000000152056e+01 2.219492719068519487e-12
2.320000000000152340e+01 2.258670808496785282e-12
2.315000000000152625e+01 2.298299649411059330e-12
2.310000000000152909e+01 2.338803146130004294e-12
2.305000000000153193e+01 2.380254472261280762e-12
2.300000000000153477e+01 2.407693849323692218e-12
2.295000000000153761e+01 2.449663520537049090e-12
2.290000000000154046e+01 2.493072823461879475e-12
2.285000000000154330e+01 2.537683496553498005e-12
2.280000000000154614e+01 2.583415717490003660e-12
2.275000000000154898e+01 2.615209328652296578e-12
2.270000000000155183e+01 2.662981376679880650e-12
2.265000000000155467e+01 2.711903778054417266e-12
2.260000000000155751e+01 2.762013794791183536e-12
2.255000000000156035e+01 2.797941079597653926e-12
2.250000000000156319e+01 2.850640791255505104e-12
2.245000000000156604e+01 2.887948990344787065e-12
2.240000000000156888e+01 2.943228164663361161e-12
2.235000000000157172e+01 2.999780817611410358e-12
2.230000000000157456e+01 3.058481348373065064e-12
2.225000000000157740e+01 3.118935253041525059e-12
2.220000000000158025e+01 3.162396495434698044e-12
2.215000000000158309e+01 3.225569256944265181e-12
2.210000000000158593e+01 3.291129249738184314e-12
2.205000000000158877e+01 3.363490121934351834e-12
2.200000000000159162e+01 3.435597979553845826e-12
2.195000000000159446e+01 3.508563271478714365e-12
2.190000000000159730e+01 3.547716288593543302e-12
2.185000000000160014e+01 3.624198315639782201e-12
2.180000000000160298e+01 3.702675281389032212e-12
2.175000000000160583e+01 3.782736292090807540e-12
2.170000000000160867e+01 3.865961136583899560e-12
2.165000000000161151e+01 3.928540912180677044e-12
2.160000000000161435e+01 4.015944138858232501e-12
2.155000000000161720e+01 4.105536575222012707e-12
2.150000000000162004e+01 4.198578701421538282e-12
2.145000000000162288e+01 4.294654410299408164e-12
2.140000000000162572e+01 4.367262112473684630e-12
2.135000000000162856e+01 4.468064793229805568e-12
2.130000000000163141e+01 4.573159233940573402e-12
2.125000000000163425e+01 4.681780028591664550e-12
2.120000000000163709e+01 4.793566125655720698e-12
2.115000000000163993e+01 4.908301133138465096e-12
2.110000000000164277e+01 4.998198642144194108e-12
2.105000000000164562e+01 5.121553006747663483e-12
2.100000000000164846e+01 5.248602861559624595e-12
2.095000000000165130e+01 5.379092301228513024e-12
2.090000000000165414e+01 5.515395088494407307e-12
2.085000000000165699e+01 5.622760778063166744e-12
2.080000000000165983e+01 5.773083801358839285e-12
2.075000000000166267e+01 5.925294371781418618e-12
2.070000000000166551e+01 6.083079559495654283e-12
2.065000000000166835e+01 6.245811221300005692e-12
2.060000000000167120e+01 6.412986419580995694e-12
2.055000000000167404e+01 6.545161735578138082e-12
2.050000000000167688e+01 6.722870312436734605e-12
2.045000000000167972e+01 6.906875970074815422e-12
2.040000000000168257e+01 7.096549747468737201e-12
2.035000000000168541e+01 7.291513266809269055e-12
2.030000000000168825e+01 7.450549419769924865e-12
2.025000000000169109e+01 7.660411189312515442e-12
2.020000000000169393e+01 7.876811261103396169e-12
2.015000000000169678e+01 8.099313057319938428e-12
2.010000000000169962e+01 8.332228514519312947e-12
2.005000000000170246e+01 8.454641674631680634e-12
2.000000000000170530e+01 8.700211733773124357e-12
1.995000000000170814e+01 8.952838922364307151e-12
1.990000000000171099e+01 9.217628803135572997e-12
1.985000000000171383e+01 9.491996326977967209e-12
1.980000000000171667e+01 9.728529666697850080e-12
1.975000000000171951e+01 9.957792536108693087e-12
1.970000000000172236e+01 1.026001136881015215e-11
1.965000000000172520e+01 1.057316460161096977e-11
1.960000000000172804e+01 1.089622794667390952e-11
1.955000000000173088e+01 1.123487084186415064e-11
1.950000000000173372e+01 1.151694334601978210e-11
1.945000000000173657e+01 1.178570586331784848e-11
1.940000000000173941e+01 1.215502021495423414e-11
1.935000000000174225e+01 1.253478032519290132e-11
1.930000000000174509e+01 1.293283569237034088e-11
1.925000000000174794e+01 1.334505361542983499e-11
1.920000000000175078e+01 1.368536626564651441e-11
1.915000000000175362e+01 1.412032031922809721e-11
1.910000000000175646e+01 1.457644234605890381e-11
1.905000000000175930e+01 1.504899466161900735e-11
1.900000000000176215e+01 1.553609651546635249e-11
1.895000000000176499e+01 1.593843859714205755e-11
1.890000000000176783e+01 1.646120933786449374e-11
1.885000000000177067e+01 1.700321808412371494e-11
1.880000000000177351e+01 1.756192422981855685e-11
1.875000000000177636e+01 1.799921284126441579e-11
1.870000000000177920e+01 1.848138167493160645e-11
1.865000000000178204e+01 1.909845792451043974e-11
1.860000000000178488e+01 1.959957293187456270e-11
1.855000000000178773e+01 2.024997146050750329e-11
1.850000000000179057e+01 2.093237386564834211e-11
1.845000000000179341e+01 2.163931849344143343e-11
1.840000000000179625e+01 2.222457682274077263e-11
1.835000000000179909e+01 2.296921070608927638e-11
1.830000000000180194e+01 2.375570708749287152e-11
1.825000000000180478e+01 2.457061356006544962e-11
1.820000000000180762e+01 2.540847133926179074e-11
1.815000000000181046e+01 2.610003290018761033e-11
1.810000000000181331e+01 2.699691145248783894e-11
1.805000000000181615e+01 2.792558958147929455e-11
1.800000000000181899e+01 2.888296296182823770e-11
1.795000000000182183e+01 2.986763692941777898e-11
1.790000000000182467e+01 3.090006197377911922e-11
1.785000000000182752e+01 3.176066294935408683e-11
1.780000000000183036e+01 3.285537675074452580e-11
1.775000000000183320e+01 3.398108733881443506e-11
1.770000000000183604e+01 3.497417932096895938e-11
1.765000000000183888e+01 3.618952526036278509e-11
1.760000000000184173e+01 3.719301508272187255e-11
1.755000000000184457e+01 3.847264633527218648e-11
1.750000000000184741e+01 3.981411436397076506e-11
1.745000000000185025e+01 4.120202853951816787e-11
1.740000000000185310e+01 4.263257830822928176e-11
1.735000000000185594e+01 4.380391980783555327e-11
1.730000000000185878e+01 4.533373577265076408e-11
1.725000000000186162e+01 4.691626922278967519e-11
1.720000000000186446e+01 4.854722897474032056e-11
1.715000000000186731e+01 5.022436009669951253e-11
1.710000000000187015e+01 5.198081709839075342e-11
1.705000000000187299e+01 5.342926107490581520e-11
1.700000000000187583e+01 5.529423010201835908e-11
1.695000000000187867e+01 5.720792681018296244e-11
1.690000000000188152e+01 5.921038786949766574e-11
1.685000000000188436e+01 6.128047274470604779e-11
1.680000000000188720e+01 6.296672840405228200e-11
1.675000000000189004e+01 6.514124076389226054e-11
1.670000000000189289e+01 6.741702187163049806e-11
1.665000000000189573e+01 6.976958077681283387e-11
1.660000000000189857e+01 7.219177468318319050e-11
1.655000000000190141e+01 7.468028306380393945e-11
1.650000000000190425e+01 7.672777395149419089e-11
1.645000000000190710e+01 7.939711893817087563e-11
1.640000000000190994e+01 8.214520102346531499e-11
1.635000000000191278e+01 8.496835835508127590e-11
1.630000000000191562e+01 8.791967374158899415e-11
1.625000000000191847e+01 9.029420545156155081e-11
1.620000000000192131e+01 9.340531913756557344e-11
1.615000000000192415e+01 9.660149812579873257e-11
1.610000000000192699e+01 9.994165180778128458e-11
1.605000000000192983e+01 1.033908492433748732e-10
1.600000000000193268e+01 1.061353340771343362e-10
1.595000000000193552e+01 1.097504918357161614e-10
1.590000000000193836e+01 1.135267180552050130e-10
1.585000000000194120e+01 1.174251960433075784e-10
1.580000000000194404e+01 1.214379689132733763e-10
1.575000000000194689e+01 1.255616148105642004e-10
1.570000000000194973e+01 1.288580913548956101e-10
1.565000000000195257e+01 1.325029109295567706e-10
1.560000000000195541e+01 1.370035825671680242e-10
1.555000000000195826e+01 1.416224158058585615e-10
1.550000000000196110e+01 1.464396090321820443e-10
1.545000000000196394e+01 1.502019545473372292e-10
1.540000000000196678e+01 1.552677526600901985e-10
1.535000000000196962e+01 1.604653663128022678e-10
1.530000000000197247e+01 1.658845239875582479e-10
1.525000000000197531e+01 1.714720540011760829e-10
1.520000000000197815e+01 1.772147462224781236e-10
1.515000000000198099e+01 1.816001846604096803e-10
1.510000000000198384e+01 1.876830055372141690e-10
1.505000000000198668e+01 1.939539782673713685e-10
1.500000000000198952e+01 2.003980319350344517e-10
1.495000000000199236e+01 2.070071443578799476e-10
1.490000000000199520e+01 2.120791901342734278e-10
1.485000000000199805e+01 2.191052187728453659e-10
1.480000000000200089e+01 2.263233405881991275e-10
1.475000000000200373e+01 2.337212097989188125e-10
1.470000000000200657e+01 2.396084730018492698e-10
1.465000000000200941e+01 2.453153826380548345e-10
1.460000000000201226e+01 2.533244125806686389e-10
1.455000000000201510e+01 2.615315551685938586e-10
1.450000000000201794e+01 2.700721615833364319e-10
1.445000000000202078e+01 2.788647285347880820e-10
1.440000000000202363e+01 2.878897654876161604e-10
1.435000000000202647e+01 2.944464954001420049e-10
1.430000000000202931e+01 3.039590979479073567e-10
1.425000000000203215e+01 3.137506693627154099e-10
1.420000000000203499e+01 3.237982078614006752e-10
1.415000000000203784e+01 3.340895283371609556e-10
1.410000000000204068e+01 3.415597976434504733e-10
1.405000000000204352e+01 3.524419830772229332e-10
1.400000000000204636e+01 3.603196730420911514e-10
1.395000000000204921e+01 3.716564922925989116e-10
1.390000000000205205e+01 3.834220180971991189e-10
1.385000000000205489e+01 3.955149689549363686e-10
1.380000000000205773e+01 4.039493805282322295e-10
1.375000000000206057e+01 4.165113864568736726e-10
1.370000000000206342e+01 4.295422992580921511e-10
1.365000000000206626e+01 4.429315419596713915e-10
1.360000000000206910e+01 4.566625622825879763e-10
1.355000000000207194e+01 4.631270950300884535e-10
1.350000000000207478e+01 4.774437296454808610e-10
1.345000000000207763e+01 4.921515655045430992e-10
1.340000000000208047e+01 5.072235740086917966e-10
1.335000000000208331e+01 5.226326723891600183e-10
1.330000000000208615e+01 5.329812737524352887e-10
1.325000000000208900e+01 5.491900936735526623e-10
1.320000000000209184e+01 5.657918593384375733e-10
1.315000000000209468e+01 5.827596583299894451e-10
1.310000000000209752e+01 6.003335269742477059e-10
1.305000000000210036e+01 6.183618952019681273e-10
1.300000000000210321e+01 6.299273113863124438e-10
1.295000000000210605e+01 6.485646680827212801e-10
1.290000000000210889e+01 6.678458696968359597e-10
1.285000000000211173e+01 6.876189886292975132e-10
1.280000000000211458e+01 7.078609208546492516e-10
1.275000000000211742e+01 7.203745920319264097e-10
1.270000000000212026e+01 7.414765545764886606e-10
1.265000000000212310e+01 7.631090925146479259e-10
1.260000000000212594e+01 7.852472354403143819e-10
1.255000000000212879e+01 8.078382817026914896e-10
1.250000000000213163e+01 8.311788452259920940e-10
1.245000000000213447e+01 8.451594001542928834e-10
1.240000000000213731e+01 8.692939915590110756e-10
1.235000000000214015e+01 8.939143941974255317e-10
1.230000000000214300e+01 9.193360272739785710e-10
1.225000000000214584e+01 9.453725929800320721e-10
1.220000000000214868e+01 9.602772602392021376e-10
1.215000000000215152e+01 9.784998639458468181e-10
1.210000000000215437e+01 1.005893804550484434e-09
1.205000000000215721e+01 1.033922185957348645e-09
1.200000000000216005e+01 1.062538719631729078e-09
1.195000000000216289e+01 1.077993878364452618e-09
1.190000000000216573e+01 1.107639128077409295e-09
1.185000000000216858e+01 1.137958117638993027e-09
1.180000000000217142e+01 1.168895417185347809e-09
1.175000000000217426e+01 1.200426197801584496e-09
1.170000000000217710e+01 1.232892503734454362e-09
1.165000000000217995e+01 1.249518383233021014e-09
1.160000000000218279e+01 1.282864298581617252e-09
1.155000000000218563e+01 1.316809206725242125e-09
1.150000000000218847e+01 1.351734204108768994e-09
1.145000000000219131e+01 1.378407131473051129e-09
1.140000000000219416e+01 1.395238778047201498e-09
1.135000000000219700e+01 1.431431888039747003e-09
1.130000000000219984e+01 1.468645656790199657e-09
1.125000000000220268e+01 1.506645691151699484e-09
1.120000000000220552e+01 1.545317279096791022e-09
1.115000000000220837e+01 1.584651220275190126e-09
1.110000000000221121e+01 1.601953488229389366e-09
1.105000000000221405e+01 1.642483102403386561e-09
1.100000000000221689e+01 1.683707310574469884e-09
1.095000000000221974e+01 1.725617095297959005e-09
1.090000000000222258e+01 1.768617889856777553e-09
1.085000000000222542e+01 1.785662036640720274e-09
1.080000000000222826e+01 1.829433707077879375e-09
1.075000000000223110e+01 1.858464165815902476e-09
1.070000000000223395e+01 1.903665542653220163e-09
1.065000000000223679e+01 1.949691954117065593e-09
1.060000000000223963e+01 1.965590286273643035e-09
1.055000000000224247e+01 2.012177686098122692e-09
1.050000000000224532e+01 2.059839210418816215e-09
1.045000000000224816e+01 2.108332997853910116e-09
1.040000000000225100e+01 2.157572319966004552e-09
1.035000000000225384e+01 2.207474568455936193e-09
1.030000000000225668e+01 2.221972352357690829e-09
1.025000000000225953e+01 2.272816760428180590e-09
1.020000000000226237e+01 2.324356177000574823e-09
1.015000000000226521e+01 2.376555408479988556e-09
1.010000000000226805e+01 2.429805680856599390e-09
1.005000000000227089e+01 2.442131725656069054e-09
