3.000000000000000000e+01 1.397881999999999950e-09
2.994999999999999929e+01 1.486424750000001640e-09
2.989999999999999858e+01 1.574967500000003123e-09
2.984999999999999787e+01 1.663510250000004812e-09
2.979999999999999716e+01 1.752053000000007950e-09
2.974999999999999645e+01 1.862372250000009869e-09
2.969999999999999574e+01 1.972691500000011788e-09
2.964999999999999503e+01 2.083010750000013708e-09
2.959999999999999432e+01 2.193330000000019350e-09
2.954999999999999361e+01 2.330637250000019522e-09
2.949999999999999289e+01 2.467944500000019694e-09
2.944999999999999218e+01 2.605251750000019453e-09
2.939999999999999147e+01 2.742559000000024588e-09
2.934999999999999076e+01 2.913228250000027442e-09
2.929999999999999005e+01 3.083897500000030295e-09
2.924999999999998934e+01 3.254566750000033562e-09
2.919999999999998863e+01 3.425236000000045101e-09
2.914999999999998792e+01 3.637142250000049226e-09
2.909999999999998721e+01 3.849048500000052937e-09
2.904999999999998650e+01 4.060954750000056648e-09
2.899999999999998579e+01 4.272861000000074421e-09
2.894999999999998508e+01 4.535634000000079424e-09
2.889999999999998437e+01 4.798407000000084427e-09
2.884999999999998366e+01 5.061180000000088602e-09
2.879999999999998295e+01 5.323953000000115939e-09
2.874999999999998224e+01 5.649376500000121500e-09
2.869999999999998153e+01 5.974800000000127061e-09
2.864999999999998082e+01 6.300223500000132622e-09
2.859999999999998010e+01 6.625647000000171270e-09
2.854999999999997939e+01 7.028160750000171316e-09
2.849999999999997868e+01 7.430674500000171363e-09
2.844999999999997797e+01 7.833188250000171409e-09
2.839999999999997726e+01 8.235702000000211160e-09
2.834999999999997655e+01 8.732929000000220076e-09
2.829999999999997584e+01 9.230156000000228993e-09
2.824999999999997513e+01 9.727383000000237909e-09
2.819999999999997442e+01 1.022461000000030638e-08
2.814999999999997371e+01 1.083820750000031678e-08
2.809999999999997300e+01 1.145180500000032719e-08
2.804999999999997229e+01 1.206540250000033759e-08
2.799999999999997158e+01 1.267900000000043071e-08
2.794999999999997087e+01 1.343520500000044340e-08
2.789999999999997016e+01 1.419141000000045609e-08
2.784999999999996945e+01 1.494761500000046879e-08
2.779999999999996874e+01 1.570382000000059398e-08
2.774999999999996803e+01 1.663473250000061095e-08
2.769999999999996732e+01 1.756564500000062792e-08
2.764999999999996660e+01 1.849655750000064489e-08
2.759999999999996589e+01 1.942747000000081407e-08
2.754999999999996518e+01 2.057196750000081237e-08
2.749999999999996447e+01 2.171646500000081398e-08
2.744999999999996376e+01 2.286096250000081228e-08
2.739999999999996305e+01 2.400546000000099918e-08
2.734999999999996234e+01 2.541093250000102407e-08
2.729999999999996163e+01 2.681640500000104897e-08
2.724999999999996092e+01 2.822187750000107387e-08
2.719999999999996021e+01 2.962735000000134692e-08
2.714999999999995950e+01 3.135109250000137510e-08
2.709999999999995879e+01 3.307483500000140990e-08
2.704999999999995808e+01 3.479857750000143808e-08
2.699999999999995737e+01 3.652232000000179713e-08
2.694999999999995666e+01 3.863385250000183437e-08
2.689999999999995595e+01 4.074538500000187162e-08
2.684999999999995524e+01 4.285691750000191547e-08
2.679999999999995453e+01 4.496845000000238285e-08
2.674999999999995381e+01 4.755164250000243002e-08
2.669999999999995310e+01 5.013483500000247719e-08
2.664999999999995239e+01 5.271802750000252436e-08
2.659999999999995168e+01 5.530122000000313401e-08
2.654999999999995097e+01 5.845762250000313686e-08
2.649999999999995026e+01 6.161402500000313308e-08
2.644999999999994955e+01 6.477042750000314254e-08
2.639999999999994884e+01 6.792683000000382698e-08
2.634999999999994813e+01 7.177863500000390083e-08
2.629999999999994742e+01 7.563044000000397467e-08
2.624999999999994671e+01 7.948224500000403528e-08
2.619999999999994600e+01 8.333405000000500909e-08
2.614999999999994529e+01 8.802868750000508712e-08
2.609999999999994458e+01 9.272332500000517838e-08
2.604999999999994387e+01 9.741796250000525641e-08
2.599999999999994316e+01 1.021126000000064991e-07
2.594999999999994245e+01 1.078271250000065977e-07
2.589999999999994174e+01 1.135416500000067096e-07
2.584999999999994102e+01 1.192561750000068214e-07
2.579999999999994031e+01 1.249707000000084023e-07
2.574999999999993960e+01 1.319179750000085157e-07
2.569999999999993889e+01 1.388652500000086291e-07
2.564999999999993818e+01 1.458125250000087426e-07
2.559999999999993747e+01 1.527598000000107883e-07
2.554999999999993676e+01 1.611949750000107703e-07
2.549999999999993605e+01 1.696301500000107789e-07
2.544999999999993534e+01 1.780653250000107875e-07
2.539999999999993463e+01 1.865005000000130724e-07
2.534999999999993392e+01 1.967292250000132711e-07
2.529999999999993321e+01 2.069579500000134433e-07
2.524999999999993250e+01 2.171866750000136155e-07
2.519999999999993179e+01 2.274154000000167259e-07
2.514999999999993108e+01 2.398033000000169635e-07
2.509999999999993037e+01 2.521912000000171482e-07
2.504999999999992966e+01 2.645791000000173858e-07
2.499999999999992895e+01 2.769670000000212762e-07
2.494999999999992824e+01 2.919509000000215458e-07
2.489999999999992752e+01 3.069348000000218154e-07
2.484999999999992681e+01 3.219187000000220850e-07
2.479999999999992610e+01 3.369026000000270132e-07
2.474999999999992539e+01 3.550025250000273599e-07
2.469999999999992468e+01 3.731024500000276535e-07
2.464999999999992397e+01 3.912023750000280002e-07
2.459999999999992326e+01 4.093023000000341701e-07
2.454999999999992255e+01 4.311394250000341593e-07
2.449999999999992184e+01 4.529765500000341484e-07
2.444999999999992113e+01 4.748136750000341376e-07
2.439999999999992042e+01 4.966508000000410618e-07
2.434999999999991971e+01 5.229616500000416325e-07
2.429999999999991900e+01 5.492725000000420974e-07
2.424999999999991829e+01 5.755833500000425623e-07
2.419999999999991758e+01 6.018942000000518151e-07
2.414999999999991687e+01 6.335556250000523325e-07
2.409999999999991616e+01 6.652170500000528499e-07
2.404999999999991545e+01 6.968784750000534731e-07
2.399999999999991473e+01 7.285399000000648961e-07
2.394999999999991402e+01 7.665903500000655754e-07
2.389999999999991331e+01 8.046408000000662548e-07
2.384999999999991260e+01 8.426912500000669342e-07
2.379999999999991189e+01 8.807417000000810602e-07
2.374999999999991118e+01 9.264105250000819443e-07
2.369999999999991047e+01 9.720793500000828284e-07
2.364999999999990976e+01 1.017748175000083607e-06
2.359999999999990905e+01 1.063417000000101325e-06
2.354999999999990834e+01 1.118160000000101116e-06
2.349999999999990763e+01 1.172903000000101119e-06
2.344999999999990692e+01 1.227646000000101121e-06
2.339999999999990621e+01 1.282389000000121029e-06
2.334999999999990550e+01 1.347922000000122202e-06
2.329999999999990479e+01 1.413455000000123376e-06
2.324999999999990408e+01 1.478988000000124549e-06
2.319999999999990337e+01 1.544521000000150286e-06
2.314999999999990266e+01 1.622870250000151652e-06
2.309999999999990195e+01 1.701219500000153017e-06
2.304999999999990123e+01 1.779568750000154383e-06
2.299999999999990052e+01 1.857918000000186030e-06
2.294999999999989981e+01 1.951466500000187935e-06
2.289999999999989910e+01 2.045015000000189416e-06
2.284999999999989839e+01 2.138563500000191321e-06
2.279999999999989768e+01 2.232112000000230072e-06
2.274999999999989697e+01 2.343661000000231754e-06
2.269999999999989626e+01 2.455210000000233860e-06
2.264999999999989555e+01 2.566759000000235967e-06
2.259999999999989484e+01 2.678308000000283389e-06
2.254999999999989413e+01 2.811149750000283243e-06
2.249999999999989342e+01 2.943991500000283096e-06
2.244999999999989271e+01 3.076833250000282949e-06
2.239999999999989200e+01 3.209675000000336589e-06
2.234999999999989129e+01 3.367661500000339299e-06
2.229999999999989058e+01 3.525648000000342009e-06
2.224999999999988987e+01 3.683634500000344719e-06
2.219999999999988916e+01 3.841621000000413074e-06
2.214999999999988844e+01 4.029267750000416547e-06
2.209999999999988773e+01 4.216914500000420020e-06
2.204999999999988702e+01 4.404561250000423493e-06
2.199999999999988631e+01 4.592208000000505741e-06
2.194999999999988560e+01 4.814784250000510215e-06
2.189999999999988489e+01 5.037360500000513842e-06
2.184999999999988418e+01 5.259936750000518317e-06
2.179999999999988347e+01 5.482513000000618506e-06
2.174999999999988276e+01 5.746172250000622634e-06
2.169999999999988205e+01 6.009831500000627609e-06
2.164999999999988134e+01 6.273490750000631738e-06
2.159999999999988063e+01 6.537150000000753603e-06
2.154999999999987992e+01 6.849059500000753264e-06
2.149999999999987921e+01 7.160969000000752924e-06
2.144999999999987850e+01 7.472878500000752585e-06
2.139999999999987779e+01 7.784788000000888617e-06
2.134999999999987708e+01 8.153282750000895987e-06
2.129999999999987637e+01 8.521777500000903357e-06
2.124999999999987566e+01 8.890272250000909034e-06
2.119999999999987494e+01 9.258767000001080728e-06
2.114999999999987423e+01 9.693532750001088467e-06
2.109999999999987352e+01 1.012829850000109621e-05
2.104999999999987281e+01 1.056306425000110395e-05
2.099999999999987210e+01 1.099783000000131158e-05
2.094999999999987139e+01 1.151010250000131998e-05
2.089999999999987068e+01 1.202237500000132839e-05
2.084999999999986997e+01 1.253464750000133848e-05
2.079999999999986926e+01 1.304692000000158574e-05
2.074999999999986855e+01 1.364968000000159520e-05
2.069999999999986784e+01 1.425244000000160635e-05
2.064999999999986713e+01 1.485520000000161750e-05
2.059999999999986642e+01 1.545796000000191495e-05
2.054999999999986571e+01 1.616626750000191341e-05
2.049999999999986500e+01 1.687457500000191188e-05
2.044999999999986429e+01 1.758288250000191374e-05
2.039999999999986358e+01 1.829119000000224764e-05
2.034999999999986287e+01 1.912235750000226207e-05
2.029999999999986215e+01 1.995352500000227650e-05
2.024999999999986144e+01 2.078469250000229094e-05
2.019999999999986073e+01 2.161586000000270178e-05
2.014999999999986002e+01 2.258989750000271914e-05
2.009999999999985931e+01 2.356393500000273310e-05
2.004999999999985860e+01 2.453797250000275046e-05
1.999999999999985789e+01 2.551201000000323876e-05
1.994999999999985718e+01 2.665192750000325934e-05
1.989999999999985647e+01 2.779184500000327993e-05
1.984999999999985576e+01 2.893176250000330051e-05
1.979999999999985505e+01 3.007168000000388014e-05
1.974999999999985434e+01 3.140386500000390675e-05
1.969999999999985363e+01 3.273605000000392659e-05
1.964999999999985292e+01 3.406823500000395321e-05
1.959999999999985221e+01 3.540042000000464390e-05
1.954999999999985150e+01 3.695519750000463970e-05
1.949999999999985079e+01 3.850997500000464228e-05
1.944999999999985008e+01 4.006475250000463809e-05
1.939999999999984936e+01 4.161953000000540639e-05
1.934999999999984865e+01 4.343155750000544111e-05
1.929999999999984794e+01 4.524358500000546905e-05
1.924999999999984723e+01 4.705561250000550377e-05
1.919999999999984652e+01 4.886764000000644651e-05
1.914999999999984581e+01 5.097658000000648598e-05
1.909999999999984510e+01 5.308552000000651868e-05
1.904999999999984439e+01 5.519446000000655138e-05
1.899999999999984368e+01 5.730340000000766151e-05
1.894999999999984297e+01 5.975449750000769958e-05
1.889999999999984226e+01 6.220559500000775121e-05
1.884999999999984155e+01 6.465669250000778928e-05
1.879999999999984084e+01 6.710779000000908774e-05
1.874999999999984013e+01 6.995252250000914428e-05
1.869999999999983942e+01 7.279725500000920081e-05
1.864999999999983871e+01 7.564198750000924380e-05
1.859999999999983800e+01 7.848672000001077757e-05
1.854999999999983729e+01 8.178374500001077841e-05
1.849999999999983658e+01 8.508077000001077925e-05
1.844999999999983586e+01 8.837779500001078010e-05
1.839999999999983515e+01 9.167482000001247501e-05
1.834999999999983444e+01 9.549061500001254069e-05
1.829999999999983373e+01 9.930641000001260636e-05
1.824999999999983302e+01 1.031222050000126720e-04
1.819999999999983231e+01 1.069380000000147299e-04
1.814999999999983160e+01 1.113480000000148046e-04
1.809999999999983089e+01 1.157580000000148793e-04
1.804999999999983018e+01 1.201680000000149675e-04
1.799999999999982947e+01 1.245780000000173461e-04
1.794999999999982876e+01 1.296674250000174418e-04
1.789999999999982805e+01 1.347568500000175375e-04
1.784999999999982734e+01 1.398462750000176332e-04
1.779999999999982663e+01 1.449357000000204123e-04
1.774999999999982592e+01 1.508008000000205266e-04
1.769999999999982521e+01 1.566659000000206409e-04
1.764999999999982450e+01 1.625310000000207281e-04
1.759999999999982379e+01 1.683961000000239866e-04
1.754999999999982307e+01 1.751455000000239732e-04
1.749999999999982236e+01 1.818949000000239869e-04
1.744999999999982165e+01 1.886443000000239734e-04
1.739999999999982094e+01 1.953937000000275379e-04
1.734999999999982023e+01 2.031492750000277029e-04
1.729999999999981952e+01 2.109048500000278408e-04
1.724999999999981881e+01 2.186604250000279788e-04
1.719999999999981810e+01 2.264160000000322638e-04
1.714999999999981739e+01 2.353150250000324187e-04
1.709999999999981668e+01 2.442140500000325736e-04
1.704999999999981597e+01 2.531130750000327285e-04
1.699999999999981526e+01 2.620121000000376539e-04
1.694999999999981455e+01 2.722080250000378674e-04
1.689999999999981384e+01 2.824039500000380268e-04
1.684999999999981313e+01 2.925998750000382404e-04
1.679999999999981242e+01 3.027958000000439292e-04
1.674999999999981171e+01 3.144603250000441511e-04
1.669999999999981100e+01 3.261248500000443187e-04
1.664999999999981029e+01 3.377893750000445405e-04
1.659999999999980957e+01 3.494539000000511050e-04
1.654999999999980886e+01 3.627787250000511117e-04
1.649999999999980815e+01 3.761035500000511184e-04
1.644999999999980744e+01 3.894283750000511251e-04
1.639999999999980673e+01 4.027532000000583418e-04
1.634999999999980602e+01 4.179516000000585993e-04
1.629999999999980531e+01 4.331500000000588569e-04
1.624999999999980460e+01 4.483484000000591144e-04
1.619999999999980389e+01 4.635468000000676661e-04
1.614999999999980318e+01 4.808563250000679737e-04
1.609999999999980247e+01 4.981658500000682270e-04
1.604999999999980176e+01 5.154753750000685888e-04
1.599999999999980105e+01 5.327849000000782747e-04
1.594999999999980034e+01 5.524682250000786509e-04
1.589999999999979963e+01 5.721515500000790271e-04
1.584999999999979892e+01 5.918348750000794033e-04
1.579999999999979821e+01 6.115182000000905132e-04
1.574999999999979750e+01 6.338661500000906555e-04
1.569999999999979678e+01 6.562141000000909063e-04
1.564999999999979607e+01 6.785620500000911571e-04
1.559999999999979536e+01 7.009100000001035509e-04
1.554999999999979465e+01 7.262438000001039283e-04
1.549999999999979394e+01 7.515776000001044141e-04
1.544999999999979323e+01 7.769114000001048998e-04
1.539999999999979252e+01 8.022452000001191550e-04
1.534999999999979181e+01 8.309173750001194172e-04
1.529999999999979110e+01 8.595895500001196794e-04
1.524999999999979039e+01 8.882617250001199416e-04
1.519999999999978968e+01 9.169339000001358164e-04
1.514999999999978897e+01 9.493326750001364030e-04
1.509999999999978826e+01 9.817314500001369897e-04
1.504999999999978755e+01 1.014130225000137468e-03
1.499999999999978684e+01 1.046529000000155944e-03
1.494999999999978613e+01 1.083077500000156511e-03
1.489999999999978542e+01 1.119626000000157077e-03
1.484999999999978471e+01 1.156174500000157644e-03
1.479999999999978400e+01 1.192723000000178377e-03
1.474999999999978328e+01 1.233884250000178741e-03
1.469999999999978257e+01 1.275045500000179105e-03
1.464999999999978186e+01 1.316206750000179469e-03
1.459999999999978115e+01 1.357368000000202385e-03
1.454999999999978044e+01 1.403645250000203071e-03
1.449999999999977973e+01 1.449922500000203974e-03
1.444999999999977902e+01 1.496199750000204659e-03
1.439999999999977831e+01 1.542477000000230716e-03
1.434999999999977760e+01 1.594414250000231181e-03
1.429999999999977689e+01 1.646351500000231647e-03
1.424999999999977618e+01 1.698288750000231896e-03
1.419999999999977547e+01 1.750226000000260334e-03
1.414999999999977476e+01 1.808412000000261420e-03
1.409999999999977405e+01 1.866598000000262506e-03
1.404999999999977334e+01 1.924784000000263591e-03
1.399999999999977263e+01 1.982970000000295902e-03
1.394999999999977192e+01 2.048036750000297151e-03
1.389999999999977121e+01 2.113103500000298399e-03
1.384999999999977049e+01 2.178170250000299214e-03
1.379999999999976978e+01 2.243237000000335157e-03
1.374999999999976907e+01 2.315860250000335852e-03
1.369999999999976836e+01 2.388483500000336546e-03
1.364999999999976765e+01 2.461106750000337240e-03
1.359999999999976694e+01 2.533730000000376532e-03
1.354999999999976623e+01 2.614628500000377824e-03
1.349999999999976552e+01 2.695527000000379550e-03
1.344999999999976481e+01 2.776425500000380842e-03
1.339999999999976410e+01 2.857324000000425069e-03
1.334999999999976339e+01 2.947258000000425784e-03
1.329999999999976268e+01 3.037192000000426498e-03
1.324999999999976197e+01 3.127126000000427213e-03
1.319999999999976126e+01 3.217060000000474766e-03
1.314999999999976055e+01 3.316830000000476827e-03
1.309999999999975984e+01 3.416600000000478456e-03
1.304999999999975913e+01 3.516370000000480084e-03
1.299999999999975842e+01 3.616140000000533320e-03
1.294999999999975770e+01 3.726578250000535386e-03
1.289999999999975699e+01 3.837016500000537452e-03
1.284999999999975628e+01 3.947454750000539518e-03
1.279999999999975557e+01 4.057893000000597529e-03
1.274999999999975486e+01 4.179864000000598628e-03
1.269999999999975415e+01 4.301835000000599728e-03
1.264999999999975344e+01 4.423806000000600827e-03
1.259999999999975273e+01 4.545777000000663509e-03
1.254999999999975202e+01 4.680160500000665920e-03
1.249999999999975131e+01 4.814544000000668331e-03
1.244999999999975060e+01 4.948927500000670741e-03
1.239999999999974989e+01 5.083311000000739939e-03
1.234999999999974918e+01 5.230999000000740792e-03
1.229999999999974847e+01 5.378687000000742513e-03
1.224999999999974776e+01 5.526375000000743366e-03
1.219999999999974705e+01 5.674063000000817078e-03
1.214999999999974634e+01 5.835941000000819529e-03
1.209999999999974563e+01 5.997819000000822846e-03
1.204999999999974492e+01 6.159697000000825297e-03
1.199999999999974420e+01 6.321575000000905810e-03
1.194999999999974349e+01 6.498509000000908531e-03
1.189999999999974278e+01 6.675443000000911252e-03
1.184999999999974207e+01 6.852377000000914840e-03
1.179999999999974136e+01 7.029311000000999961e-03
1.174999999999974065e+01 7.222124250001001576e-03
1.169999999999973994e+01 7.414937500001004059e-03
1.164999999999973923e+01 7.607750750001005674e-03
1.159999999999973852e+01 7.800564000001094025e-03
1.154999999999973781e+01 8.010018500001098510e-03
1.149999999999973710e+01 8.219473000001101259e-03
1.144999999999973639e+01 8.428927500001105744e-03
1.139999999999973568e+01 8.638382000001200434e-03
1.134999999999973497e+01 8.865140000001202683e-03
1.129999999999973426e+01 9.091898000001204933e-03
1.124999999999973355e+01 9.318656000001207182e-03
1.119999999999973284e+01 9.545414000001303106e-03
1.114999999999973213e+01 9.790013000001308169e-03
1.109999999999973141e+01 1.003461200000131150e-02
1.104999999999973070e+01 1.027921100000131656e-02
1.099999999999972999e+01 1.052381000000141877e-02
1.094999999999972928e+01 1.078663250000142307e-02
1.089999999999972857e+01 1.104945500000142911e-02
1.084999999999972786e+01 1.131227750000143341e-02
1.079999999999972715e+01 1.157510000000153833e-02
1.074999999999972644e+01 1.185631000000154055e-02
1.069999999999972573e+01 1.213752000000154277e-02
1.064999999999972502e+01 1.241873000000154673e-02
1.059999999999972431e+01 1.269994000000164956e-02
1.054999999999972360e+01 1.299947500000165485e-02
1.049999999999972289e+01 1.329901000000166013e-02
1.044999999999972218e+01 1.359854500000166541e-02
1.039999999999972147e+01 1.389808000000177131e-02
1.034999999999972076e+01 1.421556500000177407e-02
1.029999999999972005e+01 1.453305000000177684e-02
1.024999999999971934e+01 1.485053500000177960e-02
1.019999999999971863e+01 1.516802000000187951e-02
1.014999999999971791e+01 1.550275250000188523e-02
1.009999999999971720e+01 1.583748500000189269e-02
1.004999999999971649e+01 1.617221750000189667e-02
9.999999999999715783e+00 1.650695000000199433e-02
9.949999999999715072e+00 1.685784000000200081e-02
9.899999999999714362e+00 1.720873000000200728e-02
9.849999999999713651e+00 1.755962000000201376e-02
9.799999999999712941e+00 1.791051000000210350e-02
9.749999999999712230e+00 1.827604250000210845e-02
9.699999999999711520e+00 1.864157500000210993e-02
9.649999999999710809e+00 1.900710750000211488e-02
9.599999999999710099e+00 1.937264000000218922e-02
9.549999999999709388e+00 1.975086250000219687e-02
9.499999999999708677e+00 2.012908500000220452e-02
9.449999999999707967e+00 2.050730750000220870e-02
9.399999999999707256e+00 2.088553000000227533e-02
9.349999999999706546e+00 2.127399500000227983e-02
9.299999999999705835e+00 2.166246000000228433e-02
9.249999999999705125e+00 2.205092500000228883e-02
9.199999999999704414e+00 2.243939000000233497e-02
9.149999999999703704e+00 2.283519250000234230e-02
9.099999999999702993e+00 2.323099500000234963e-02
9.049999999999702283e+00 2.362679750000235696e-02
8.999999999999701572e+00 2.402260000000238857e-02
8.949999999999700862e+00 2.442239750000239559e-02
8.899999999999700151e+00 2.482219500000239915e-02
8.849999999999699440e+00 2.522199250000240617e-02
8.799999999999698730e+00 2.562179000000241319e-02
8.749999999999698019e+00 2.602185500000241819e-02
8.699999999999697309e+00 2.642192000000242319e-02
8.649999999999696598e+00 2.682198500000242819e-02
8.599999999999695888e+00 2.722205000000240890e-02
8.549999999999695177e+00 2.761833500000241554e-02
8.499999999999694467e+00 2.801462000000242217e-02
8.449999999999693756e+00 2.841090500000242880e-02
8.399999999999693046e+00 2.880719000000238686e-02
8.349999999999692335e+00 2.919551750000239088e-02
8.299999999999691624e+00 2.958384500000239142e-02
8.249999999999690914e+00 2.997217250000239544e-02
8.199999999999690203e+00 3.036050000000232313e-02
8.149999999999689493e+00 3.073666500000233129e-02
8.099999999999688782e+00 3.111283000000233598e-02
8.049999999999688072e+00 3.148899500000234414e-02
7.999999999999687361e+00 3.186516000000224474e-02
7.949999999999686651e+00 3.222518500000225161e-02
7.899999999999685940e+00 3.258521000000225848e-02
7.849999999999685230e+00 3.294523500000226535e-02
7.799999999999684519e+00 3.330526000000214731e-02
7.749999999999683808e+00 3.364562000000215214e-02
7.699999999999683098e+00 3.398598000000215696e-02
7.649999999999682387e+00 3.432634000000216179e-02
7.599999999999681677e+00 3.466670000000202090e-02
7.549999999999680966e+00 3.498456000000203098e-02
7.499999999999680256e+00 3.530242000000203412e-02
7.449999999999679545e+00 3.562028000000203726e-02
7.399999999999678835e+00 3.593814000000188774e-02
7.349999999999678124e+00 3.623159250000189402e-02
7.299999999999677414e+00 3.652504500000189336e-02
7.249999999999676703e+00 3.681849750000189964e-02
7.199999999999675993e+00 3.711195000000173938e-02
7.149999999999675282e+00 3.738023250000174075e-02
7.099999999999674571e+00 3.764851500000174905e-02
7.049999999999673861e+00 3.791679750000175042e-02
6.999999999999673150e+00 3.818508000000159219e-02
6.949999999999672440e+00 3.842868750000159872e-02
6.899999999999671729e+00 3.867229500000159831e-02
6.849999999999671019e+00 3.891590250000160484e-02
6.799999999999670308e+00 3.915951000000175708e-02
6.749999999999669598e+00 3.942633750000176102e-02
6.699999999999668887e+00 3.969316500000176495e-02
6.649999999999668177e+00 3.995999250000176889e-02
6.599999999999667466e+00 4.022682000000245978e-02
6.549999999999666755e+00 4.059610500000246369e-02
6.499999999999666045e+00 4.096539000000246761e-02
6.449999999999665334e+00 4.133467500000247152e-02
6.399999999999664624e+00 4.170396000000323178e-02
6.349999999999663913e+00 4.218558500000323813e-02
6.299999999999663203e+00 4.266721000000324449e-02
6.249999999999662492e+00 4.314883500000325778e-02
6.199999999999661782e+00 4.363046000000424252e-02
6.149999999999661071e+00 4.425717750000424805e-02
6.099999999999660361e+00 4.488389500000426052e-02
6.049999999999659650e+00 4.551061250000426606e-02
5.999999999999658939e+00 4.613733000000504181e-02
5.949999999999658229e+00 4.687706500000505400e-02
5.899999999999657518e+00 4.761680000000506618e-02
5.849999999999656808e+00 4.835653500000507143e-02
5.799999999999656097e+00 4.909627000000592323e-02
5.749999999999655387e+00 4.995790000000593228e-02
5.699999999999654676e+00 5.081953000000594134e-02
5.649999999999653966e+00 5.168116000000595733e-02
5.599999999999653255e+00 5.254279000000654232e-02
5.549999999999652545e+00 5.348776750000656249e-02
5.499999999999651834e+00 5.443274500000658267e-02
5.449999999999651124e+00 5.537772250000659591e-02
5.399999999999650413e+00 5.632270000000714344e-02
5.349999999999649702e+00 5.734249250000715559e-02
5.299999999999648992e+00 5.836228500000716773e-02
5.249999999999648281e+00 5.938207750000717988e-02
5.199999999999647571e+00 6.040187000000744877e-02
5.149999999999646860e+00 6.145756250000745935e-02
5.099999999999646150e+00 6.251325500000746993e-02
5.049999999999645439e+00 6.356894750000748051e-02
4.999999999999644729e+00 6.462464000000760211e-02
4.949999999999644018e+00 6.569417000000761508e-02
4.899999999999643308e+00 6.676370000000762805e-02
4.849999999999642597e+00 6.783323000000764103e-02
4.799999999999641886e+00 6.890276000000745971e-02
4.749999999999641176e+00 6.994612750000747670e-02
4.699999999999640465e+00 7.098949500000749369e-02
4.649999999999639755e+00 7.203286250000751068e-02
4.599999999999639044e+00 7.307623000000711133e-02
4.549999999999638334e+00 7.406075500000712519e-02
4.499999999999637623e+00 7.504528000000713905e-02
4.449999999999636913e+00 7.602980500000715292e-02
4.399999999999636202e+00 7.701433000000644513e-02
4.349999999999635492e+00 7.789758000000644722e-02
4.299999999999634781e+00 7.878083000000646319e-02
4.249999999999634070e+00 7.966408000000646528e-02
4.199999999999633360e+00 8.054733000000544041e-02
4.149999999999632649e+00 8.128938000000546227e-02
4.099999999999631939e+00 8.203143000000547025e-02
4.049999999999631228e+00 8.277348000000547823e-02
3.999999999999630518e+00 8.351553000000412619e-02
3.949999999999629807e+00 8.407260750000412897e-02
3.899999999999629097e+00 8.462968500000413175e-02
3.849999999999628386e+00 8.518676250000413452e-02
3.799999999999627676e+00 8.574384000000245809e-02
3.749999999999626965e+00 8.607447000000247039e-02
3.699999999999626255e+00 8.640510000000246882e-02
3.649999999999625544e+00 8.673573000000246724e-02
3.599999999999624833e+00 8.706636000000048115e-02
3.549999999999624123e+00 8.713086000000047626e-02
3.499999999999623412e+00 8.719536000000048526e-02
3.449999999999622702e+00 8.725986000000049425e-02
3.399999999999621991e+00 8.732435999999822729e-02
3.349999999999621281e+00 8.708900999999821813e-02
3.299999999999620570e+00 8.685365999999820896e-02
3.249999999999619860e+00 8.661830999999821368e-02
3.199999999999619149e+00 8.638295999999572039e-02
3.149999999999618439e+00 8.582265249999572465e-02
3.099999999999617728e+00 8.526234499999571503e-02
3.049999999999617017e+00 8.470203749999570542e-02
2.999999999999616307e+00 8.414172999999310065e-02
2.949999999999615596e+00 8.324377999999309219e-02
2.899999999999614886e+00 8.234582999999308373e-02
2.849999999999614175e+00 8.144787999999307526e-02
2.799999999999613465e+00 8.054992999999048553e-02
2.749999999999612754e+00 7.931743249999045897e-02
2.699999999999612044e+00 7.808493499999043241e-02
2.649999999999611333e+00 7.685243749999041973e-02
2.599999999999610623e+00 7.561993999998796456e-02
2.549999999999609912e+00 7.407489499998794191e-02
2.499999999999609201e+00 7.252984999998791926e-02
2.449999999999608491e+00 7.098480499998791049e-02
2.399999999999607780e+00 6.943975999998576454e-02
2.349999999999607070e+00 6.762477999998574296e-02
2.299999999999606359e+00 6.580979999998570751e-02
2.249999999999605649e+00 6.399481999998568593e-02
2.199999999999604938e+00 6.217983999998401984e-02
2.149999999999604228e+00 6.015851999998399202e-02
2.099999999999603517e+00 5.813719999998397114e-02
2.049999999999602807e+00 5.611587999998394333e-02
1.999999999999602096e+00 5.409455999998292325e-02
1.949999999999601386e+00 5.194904749998289356e-02
1.899999999999600675e+00 4.980353499998286387e-02
1.849999999999599964e+00 4.765802249998283419e-02
1.799999999999599254e+00 4.551250999998257551e-02
1.749999999999598543e+00 4.333885749998254294e-02
1.699999999999597833e+00 4.116520499998251037e-02
1.649999999999597122e+00 3.899155249998248474e-02
1.599999999999596412e+00 3.681789999998304891e-02
1.549999999999595701e+00 3.471831749998301880e-02
1.499999999999594991e+00 3.261873499998299564e-02
1.449999999999594280e+00 3.051915249998296553e-02
1.399999999999593570e+00 2.841956999998434402e-02
1.349999999999592859e+00 2.649290499998431525e-02
1.299999999999592148e+00 2.456623999998428648e-02
1.249999999999591438e+00 2.263957499998426118e-02
1.199999999999590727e+00 2.071290999998634530e-02
1.149999999999590017e+00 1.904425499998631949e-02
1.099999999999589306e+00 1.737559999998629368e-02
1.049999999999588596e+00 1.570694499998627133e-02
